2023/06/05-05:36:49.929492 7fa069056640 RocksDB version: 6.20.3
2023/06/05-05:36:49.929515 7fa069056640 Git sha 8608d75d85f8e1b3b64b73a4fb6d19baec61ba5c
2023/06/05-05:36:49.929517 7fa069056640 Compile date 2021-05-05 20:35:30
2023/06/05-05:36:49.929561 7fa069056640 DB SUMMARY
2023/06/05-05:36:49.929562 7fa069056640 DB Session ID:  H0XR2ILUE5C17V4NLFZU
2023/06/05-05:36:49.929579 7fa069056640 SST files in eac1fbe92ff24151bf6782b6e3ccb7d2.vector/2/vector_storage dir, Total Num: 0, files: 
2023/06/05-05:36:49.929581 7fa069056640 Write Ahead Log file in eac1fbe92ff24151bf6782b6e3ccb7d2.vector/2/vector_storage: 
2023/06/05-05:36:49.929582 7fa069056640                         Options.error_if_exists: 0
2023/06/05-05:36:49.929583 7fa069056640                       Options.create_if_missing: 1
2023/06/05-05:36:49.929584 7fa069056640                         Options.paranoid_checks: 1
2023/06/05-05:36:49.929585 7fa069056640                               Options.track_and_verify_wals_in_manifest: 0
2023/06/05-05:36:49.929586 7fa069056640                                     Options.env: 0x55aae6cf2c80
2023/06/05-05:36:49.929587 7fa069056640                                      Options.fs: Posix File System
2023/06/05-05:36:49.929588 7fa069056640                                Options.info_log: 0x7fa044076a60
2023/06/05-05:36:49.929589 7fa069056640                Options.max_file_opening_threads: 16
2023/06/05-05:36:49.929590 7fa069056640                              Options.statistics: (nil)
2023/06/05-05:36:49.929591 7fa069056640                               Options.use_fsync: 0
2023/06/05-05:36:49.929591 7fa069056640                       Options.max_log_file_size: 0
2023/06/05-05:36:49.929592 7fa069056640                  Options.max_manifest_file_size: 1073741824
2023/06/05-05:36:49.929593 7fa069056640                   Options.log_file_time_to_roll: 0
2023/06/05-05:36:49.929594 7fa069056640                       Options.keep_log_file_num: 1000
2023/06/05-05:36:49.929595 7fa069056640                    Options.recycle_log_file_num: 0
2023/06/05-05:36:49.929595 7fa069056640                         Options.allow_fallocate: 1
2023/06/05-05:36:49.929596 7fa069056640                        Options.allow_mmap_reads: 0
2023/06/05-05:36:49.929597 7fa069056640                       Options.allow_mmap_writes: 0
2023/06/05-05:36:49.929598 7fa069056640                        Options.use_direct_reads: 0
2023/06/05-05:36:49.929599 7fa069056640                        Options.use_direct_io_for_flush_and_compaction: 0
2023/06/05-05:36:49.929599 7fa069056640          Options.create_missing_column_families: 0
2023/06/05-05:36:49.929600 7fa069056640                              Options.db_log_dir: 
2023/06/05-05:36:49.929601 7fa069056640                                 Options.wal_dir: eac1fbe92ff24151bf6782b6e3ccb7d2.vector/2/vector_storage
2023/06/05-05:36:49.929602 7fa069056640                Options.table_cache_numshardbits: 6
2023/06/05-05:36:49.929603 7fa069056640                         Options.WAL_ttl_seconds: 0
2023/06/05-05:36:49.929603 7fa069056640                       Options.WAL_size_limit_MB: 0
2023/06/05-05:36:49.929604 7fa069056640                        Options.max_write_batch_group_size_bytes: 1048576
2023/06/05-05:36:49.929605 7fa069056640             Options.manifest_preallocation_size: 4194304
2023/06/05-05:36:49.929606 7fa069056640                     Options.is_fd_close_on_exec: 1
2023/06/05-05:36:49.929607 7fa069056640                   Options.advise_random_on_open: 1
2023/06/05-05:36:49.929607 7fa069056640                    Options.db_write_buffer_size: 0
2023/06/05-05:36:49.929608 7fa069056640                    Options.write_buffer_manager: 0x7fa0440332d0
2023/06/05-05:36:49.929609 7fa069056640         Options.access_hint_on_compaction_start: 1
2023/06/05-05:36:49.929610 7fa069056640  Options.new_table_reader_for_compaction_inputs: 0
2023/06/05-05:36:49.929611 7fa069056640           Options.random_access_max_buffer_size: 1048576
2023/06/05-05:36:49.929611 7fa069056640                      Options.use_adaptive_mutex: 0
2023/06/05-05:36:49.929612 7fa069056640                            Options.rate_limiter: (nil)
2023/06/05-05:36:49.929624 7fa069056640     Options.sst_file_manager.rate_bytes_per_sec: 0
2023/06/05-05:36:49.929625 7fa069056640                       Options.wal_recovery_mode: 2
2023/06/05-05:36:49.929626 7fa069056640                  Options.enable_thread_tracking: 0
2023/06/05-05:36:49.929627 7fa069056640                  Options.enable_pipelined_write: 0
2023/06/05-05:36:49.929627 7fa069056640                  Options.unordered_write: 0
2023/06/05-05:36:49.929628 7fa069056640         Options.allow_concurrent_memtable_write: 1
2023/06/05-05:36:49.929629 7fa069056640      Options.enable_write_thread_adaptive_yield: 1
2023/06/05-05:36:49.929630 7fa069056640             Options.write_thread_max_yield_usec: 100
2023/06/05-05:36:49.929631 7fa069056640            Options.write_thread_slow_yield_usec: 3
2023/06/05-05:36:49.929631 7fa069056640                               Options.row_cache: None
2023/06/05-05:36:49.929632 7fa069056640                              Options.wal_filter: None
2023/06/05-05:36:49.929633 7fa069056640             Options.avoid_flush_during_recovery: 0
2023/06/05-05:36:49.929634 7fa069056640             Options.allow_ingest_behind: 0
2023/06/05-05:36:49.929635 7fa069056640             Options.preserve_deletes: 0
2023/06/05-05:36:49.929635 7fa069056640             Options.two_write_queues: 0
2023/06/05-05:36:49.929636 7fa069056640             Options.manual_wal_flush: 0
2023/06/05-05:36:49.929637 7fa069056640             Options.atomic_flush: 0
2023/06/05-05:36:49.929638 7fa069056640             Options.avoid_unnecessary_blocking_io: 0
2023/06/05-05:36:49.929638 7fa069056640                 Options.persist_stats_to_disk: 0
2023/06/05-05:36:49.929639 7fa069056640                 Options.write_dbid_to_manifest: 0
2023/06/05-05:36:49.929640 7fa069056640                 Options.log_readahead_size: 0
2023/06/05-05:36:49.929641 7fa069056640                 Options.file_checksum_gen_factory: Unknown
2023/06/05-05:36:49.929642 7fa069056640                 Options.best_efforts_recovery: 0
2023/06/05-05:36:49.929643 7fa069056640                Options.max_bgerror_resume_count: 2147483647
2023/06/05-05:36:49.929644 7fa069056640            Options.bgerror_resume_retry_interval: 1000000
2023/06/05-05:36:49.929644 7fa069056640             Options.allow_data_in_errors: 0
2023/06/05-05:36:49.929645 7fa069056640             Options.db_host_id: __hostname__
2023/06/05-05:36:49.929646 7fa069056640             Options.max_background_jobs: 2
2023/06/05-05:36:49.929647 7fa069056640             Options.max_background_compactions: -1
2023/06/05-05:36:49.929648 7fa069056640             Options.max_subcompactions: 1
2023/06/05-05:36:49.929649 7fa069056640             Options.avoid_flush_during_shutdown: 0
2023/06/05-05:36:49.929649 7fa069056640           Options.writable_file_max_buffer_size: 1048576
2023/06/05-05:36:49.929650 7fa069056640             Options.delayed_write_rate : 16777216
2023/06/05-05:36:49.929651 7fa069056640             Options.max_total_wal_size: 0
2023/06/05-05:36:49.929652 7fa069056640             Options.delete_obsolete_files_period_micros: 21600000000
2023/06/05-05:36:49.929653 7fa069056640                   Options.stats_dump_period_sec: 600
2023/06/05-05:36:49.929653 7fa069056640                 Options.stats_persist_period_sec: 600
2023/06/05-05:36:49.929654 7fa069056640                 Options.stats_history_buffer_size: 1048576
2023/06/05-05:36:49.929655 7fa069056640                          Options.max_open_files: -1
2023/06/05-05:36:49.929656 7fa069056640                          Options.bytes_per_sync: 0
2023/06/05-05:36:49.929657 7fa069056640                      Options.wal_bytes_per_sync: 0
2023/06/05-05:36:49.929657 7fa069056640                   Options.strict_bytes_per_sync: 0
2023/06/05-05:36:49.929658 7fa069056640       Options.compaction_readahead_size: 0
2023/06/05-05:36:49.929659 7fa069056640                  Options.max_background_flushes: -1
2023/06/05-05:36:49.929660 7fa069056640 Compression algorithms supported:
2023/06/05-05:36:49.929661 7fa069056640 	kZSTD supported: 0
2023/06/05-05:36:49.929667 7fa069056640 	kXpressCompression supported: 0
2023/06/05-05:36:49.929668 7fa069056640 	kBZip2Compression supported: 0
2023/06/05-05:36:49.929669 7fa069056640 	kZSTDNotFinalCompression supported: 0
2023/06/05-05:36:49.929670 7fa069056640 	kLZ4Compression supported: 0
2023/06/05-05:36:49.929671 7fa069056640 	kZlibCompression supported: 0
2023/06/05-05:36:49.929672 7fa069056640 	kLZ4HCCompression supported: 0
2023/06/05-05:36:49.929673 7fa069056640 	kSnappyCompression supported: 1
2023/06/05-05:36:49.929675 7fa069056640 Fast CRC32 supported: Not supported on x86
2023/06/05-05:36:49.932358 7fa069056640 [db/db_impl/db_impl_open.cc:285] Creating manifest 1 
2023/06/05-05:36:49.937229 7fa069056640 [db/version_set.cc:4626] Recovering from manifest file: eac1fbe92ff24151bf6782b6e3ccb7d2.vector/2/vector_storage/MANIFEST-000001
2023/06/05-05:36:49.937432 7fa069056640 [db/column_family.cc:596] --------------- Options for column family [default]:
2023/06/05-05:36:49.937440 7fa069056640               Options.comparator: leveldb.BytewiseComparator
2023/06/05-05:36:49.937442 7fa069056640           Options.merge_operator: None
2023/06/05-05:36:49.937443 7fa069056640        Options.compaction_filter: None
2023/06/05-05:36:49.937444 7fa069056640        Options.compaction_filter_factory: None
2023/06/05-05:36:49.937445 7fa069056640  Options.sst_partitioner_factory: None
2023/06/05-05:36:49.937447 7fa069056640         Options.memtable_factory: SkipListFactory
2023/06/05-05:36:49.937448 7fa069056640            Options.table_factory: BlockBasedTable
2023/06/05-05:36:49.937483 7fa069056640            table_factory options:   flush_block_policy_factory: FlushBlockBySizePolicyFactory (0x7fa04401a2f0)
  cache_index_and_filter_blocks: 0
  cache_index_and_filter_blocks_with_high_priority: 1
  pin_l0_filter_and_index_blocks_in_cache: 0
  pin_top_level_index_and_filter: 1
  index_type: 0
  data_block_index_type: 0
  index_shortening: 1
  data_block_hash_table_util_ratio: 0.750000
  hash_index_allow_collision: 1
  checksum: 1
  no_block_cache: 0
  block_cache: 0x7fa044013120
  block_cache_name: LRUCache
  block_cache_options:
    capacity : 8388608
    num_shard_bits : 4
    strict_capacity_limit : 0
    memory_allocator : None
    high_pri_pool_ratio: 0.000
  block_cache_compressed: (nil)
  persistent_cache: (nil)
  block_size: 4096
  block_size_deviation: 10
  block_restart_interval: 16
  index_block_restart_interval: 1
  metadata_block_size: 4096
  partition_filters: 0
  use_delta_encoding: 1
  filter_policy: nullptr
  whole_key_filtering: 1
  verify_compression: 0
  read_amp_bytes_per_bit: 0
  format_version: 5
  enable_index_compression: 1
  block_align: 0
2023/06/05-05:36:49.937485 7fa069056640        Options.write_buffer_size: 10485760
2023/06/05-05:36:49.937486 7fa069056640  Options.max_write_buffer_number: 2
2023/06/05-05:36:49.937493 7fa069056640          Options.compression: Snappy
2023/06/05-05:36:49.937494 7fa069056640                  Options.bottommost_compression: Disabled
2023/06/05-05:36:49.937495 7fa069056640       Options.prefix_extractor: nullptr
2023/06/05-05:36:49.937497 7fa069056640   Options.memtable_insert_with_hint_prefix_extractor: nullptr
2023/06/05-05:36:49.937498 7fa069056640             Options.num_levels: 7
2023/06/05-05:36:49.937499 7fa069056640        Options.min_write_buffer_number_to_merge: 1
2023/06/05-05:36:49.937500 7fa069056640     Options.max_write_buffer_number_to_maintain: 0
2023/06/05-05:36:49.937501 7fa069056640     Options.max_write_buffer_size_to_maintain: 0
2023/06/05-05:36:49.937502 7fa069056640            Options.bottommost_compression_opts.window_bits: -14
2023/06/05-05:36:49.937503 7fa069056640                  Options.bottommost_compression_opts.level: 32767
2023/06/05-05:36:49.937509 7fa069056640               Options.bottommost_compression_opts.strategy: 0
2023/06/05-05:36:49.937510 7fa069056640         Options.bottommost_compression_opts.max_dict_bytes: 0
2023/06/05-05:36:49.937511 7fa069056640         Options.bottommost_compression_opts.zstd_max_train_bytes: 0
2023/06/05-05:36:49.937526 7fa069056640         Options.bottommost_compression_opts.parallel_threads: 1
2023/06/05-05:36:49.937528 7fa069056640                  Options.bottommost_compression_opts.enabled: false
2023/06/05-05:36:49.937530 7fa069056640         Options.bottommost_compression_opts.max_dict_buffer_bytes: 0
2023/06/05-05:36:49.937531 7fa069056640            Options.compression_opts.window_bits: -14
2023/06/05-05:36:49.937532 7fa069056640                  Options.compression_opts.level: 32767
2023/06/05-05:36:49.937533 7fa069056640               Options.compression_opts.strategy: 0
2023/06/05-05:36:49.937534 7fa069056640         Options.compression_opts.max_dict_bytes: 0
2023/06/05-05:36:49.937535 7fa069056640         Options.compression_opts.zstd_max_train_bytes: 0
2023/06/05-05:36:49.937536 7fa069056640         Options.compression_opts.parallel_threads: 1
2023/06/05-05:36:49.937537 7fa069056640                  Options.compression_opts.enabled: false
2023/06/05-05:36:49.937538 7fa069056640         Options.compression_opts.max_dict_buffer_bytes: 0
2023/06/05-05:36:49.937539 7fa069056640      Options.level0_file_num_compaction_trigger: 4
2023/06/05-05:36:49.937540 7fa069056640          Options.level0_slowdown_writes_trigger: 20
2023/06/05-05:36:49.937541 7fa069056640              Options.level0_stop_writes_trigger: 36
2023/06/05-05:36:49.937542 7fa069056640                   Options.target_file_size_base: 67108864
2023/06/05-05:36:49.937543 7fa069056640             Options.target_file_size_multiplier: 1
2023/06/05-05:36:49.937544 7fa069056640                Options.max_bytes_for_level_base: 268435456
2023/06/05-05:36:49.937545 7fa069056640 Options.level_compaction_dynamic_level_bytes: 0
2023/06/05-05:36:49.937546 7fa069056640          Options.max_bytes_for_level_multiplier: 10.000000
2023/06/05-05:36:49.937548 7fa069056640 Options.max_bytes_for_level_multiplier_addtl[0]: 1
2023/06/05-05:36:49.937549 7fa069056640 Options.max_bytes_for_level_multiplier_addtl[1]: 1
2023/06/05-05:36:49.937550 7fa069056640 Options.max_bytes_for_level_multiplier_addtl[2]: 1
2023/06/05-05:36:49.937551 7fa069056640 Options.max_bytes_for_level_multiplier_addtl[3]: 1
2023/06/05-05:36:49.937552 7fa069056640 Options.max_bytes_for_level_multiplier_addtl[4]: 1
2023/06/05-05:36:49.937553 7fa069056640 Options.max_bytes_for_level_multiplier_addtl[5]: 1
2023/06/05-05:36:49.937555 7fa069056640 Options.max_bytes_for_level_multiplier_addtl[6]: 1
2023/06/05-05:36:49.937555 7fa069056640       Options.max_sequential_skip_in_iterations: 8
2023/06/05-05:36:49.937556 7fa069056640                    Options.max_compaction_bytes: 1677721600
2023/06/05-05:36:49.937558 7fa069056640                        Options.arena_block_size: 1310720
2023/06/05-05:36:49.937559 7fa069056640   Options.soft_pending_compaction_bytes_limit: 68719476736
2023/06/05-05:36:49.937560 7fa069056640   Options.hard_pending_compaction_bytes_limit: 274877906944
2023/06/05-05:36:49.937561 7fa069056640       Options.rate_limit_delay_max_milliseconds: 100
2023/06/05-05:36:49.937563 7fa069056640                Options.disable_auto_compactions: 0
2023/06/05-05:36:49.937566 7fa069056640                        Options.compaction_style: kCompactionStyleLevel
2023/06/05-05:36:49.937567 7fa069056640                          Options.compaction_pri: kMinOverlappingRatio
2023/06/05-05:36:49.937569 7fa069056640 Options.compaction_options_universal.size_ratio: 1
2023/06/05-05:36:49.937570 7fa069056640 Options.compaction_options_universal.min_merge_width: 2
2023/06/05-05:36:49.937571 7fa069056640 Options.compaction_options_universal.max_merge_width: 4294967295
2023/06/05-05:36:49.937572 7fa069056640 Options.compaction_options_universal.max_size_amplification_percent: 200
2023/06/05-05:36:49.937573 7fa069056640 Options.compaction_options_universal.compression_size_percent: -1
2023/06/05-05:36:49.937574 7fa069056640 Options.compaction_options_universal.stop_style: kCompactionStopStyleTotalSize
2023/06/05-05:36:49.937576 7fa069056640 Options.compaction_options_fifo.max_table_files_size: 1073741824
2023/06/05-05:36:49.937582 7fa069056640 Options.compaction_options_fifo.allow_compaction: 0
2023/06/05-05:36:49.937586 7fa069056640                   Options.table_properties_collectors: 
2023/06/05-05:36:49.937587 7fa069056640                   Options.inplace_update_support: 0
2023/06/05-05:36:49.937588 7fa069056640                 Options.inplace_update_num_locks: 10000
2023/06/05-05:36:49.937589 7fa069056640               Options.memtable_prefix_bloom_size_ratio: 0.000000
2023/06/05-05:36:49.937590 7fa069056640               Options.memtable_whole_key_filtering: 0
2023/06/05-05:36:49.937591 7fa069056640   Options.memtable_huge_page_size: 0
2023/06/05-05:36:49.937592 7fa069056640                           Options.bloom_locality: 0
2023/06/05-05:36:49.937593 7fa069056640                    Options.max_successive_merges: 0
2023/06/05-05:36:49.937594 7fa069056640                Options.optimize_filters_for_hits: 0
2023/06/05-05:36:49.937595 7fa069056640                Options.paranoid_file_checks: 0
2023/06/05-05:36:49.937596 7fa069056640                Options.force_consistency_checks: 1
2023/06/05-05:36:49.937597 7fa069056640                Options.report_bg_io_stats: 0
2023/06/05-05:36:49.937598 7fa069056640                               Options.ttl: 2592000
2023/06/05-05:36:49.937599 7fa069056640          Options.periodic_compaction_seconds: 0
2023/06/05-05:36:49.937600 7fa069056640                    Options.enable_blob_files: false
2023/06/05-05:36:49.937601 7fa069056640                        Options.min_blob_size: 0
2023/06/05-05:36:49.937602 7fa069056640                       Options.blob_file_size: 268435456
2023/06/05-05:36:49.937603 7fa069056640                Options.blob_compression_type: NoCompression
2023/06/05-05:36:49.937605 7fa069056640       Options.enable_blob_garbage_collection: false
2023/06/05-05:36:49.937605 7fa069056640   Options.blob_garbage_collection_age_cutoff: 0.250000
2023/06/05-05:36:49.940156 7fa069056640 [db/version_set.cc:4666] Recovered from manifest file:eac1fbe92ff24151bf6782b6e3ccb7d2.vector/2/vector_storage/MANIFEST-000001 succeeded,manifest_file_number is 1, next_file_number is 3, last_sequence is 0, log_number is 0,prev_log_number is 0,max_column_family is 0,min_log_number_to_keep is 0
2023/06/05-05:36:49.940160 7fa069056640 [db/version_set.cc:4681] Column family [default] (ID 0), log number is 0
2023/06/05-05:36:49.940272 7fa069056640 [db/version_set.cc:4118] Creating manifest 4
2023/06/05-05:36:49.978147 7fa069056640 [db/db_impl/db_impl_open.cc:1756] SstFileManager instance 0x7fa04406c4a0
2023/06/05-05:36:49.978171 7fa069056640 DB pointer 0x7fa044068e10
2023/06/05-05:36:49.999189 7fa069056640 [db/db_impl/db_impl.cc:462] Shutdown: canceling all background work
2023/06/05-05:36:50.000240 7fa069056640 [db/db_impl/db_impl.cc:642] Shutdown complete
