2023/06/05-04:57:33.250368 7f9cd4092c40 RocksDB version: 6.20.3
2023/06/05-04:57:33.250386 7f9cd4092c40 Git sha 8608d75d85f8e1b3b64b73a4fb6d19baec61ba5c
2023/06/05-04:57:33.250388 7f9cd4092c40 Compile date 2021-05-05 20:35:30
2023/06/05-04:57:33.250417 7f9cd4092c40 DB SUMMARY
2023/06/05-04:57:33.250418 7f9cd4092c40 DB Session ID:  J9J78BGV8UGUJW85W9WF
2023/06/05-04:57:33.250439 7f9cd4092c40 CURRENT file:  CURRENT
2023/06/05-04:57:33.250440 7f9cd4092c40 IDENTITY file:  IDENTITY
2023/06/05-04:57:33.250443 7f9cd4092c40 MANIFEST file:  MANIFEST-000004 size: 166 Bytes
2023/06/05-04:57:33.250445 7f9cd4092c40 SST files in 95784ded57124cb1b24d8f4d04c6e13e.vector/2/id_tracker dir, Total Num: 0, files: 
2023/06/05-04:57:33.250447 7f9cd4092c40 Write Ahead Log file in 95784ded57124cb1b24d8f4d04c6e13e.vector/2/id_tracker: 000005.log size: 74 ; 
2023/06/05-04:57:33.250450 7f9cd4092c40                         Options.error_if_exists: 0
2023/06/05-04:57:33.250451 7f9cd4092c40                       Options.create_if_missing: 1
2023/06/05-04:57:33.250452 7f9cd4092c40                         Options.paranoid_checks: 1
2023/06/05-04:57:33.250454 7f9cd4092c40                               Options.track_and_verify_wals_in_manifest: 0
2023/06/05-04:57:33.250455 7f9cd4092c40                                     Options.env: 0x55aa4eeb6c80
2023/06/05-04:57:33.250456 7f9cd4092c40                                      Options.fs: Posix File System
2023/06/05-04:57:33.250457 7f9cd4092c40                                Options.info_log: 0x55aa50a55160
2023/06/05-04:57:33.250458 7f9cd4092c40                Options.max_file_opening_threads: 16
2023/06/05-04:57:33.250459 7f9cd4092c40                              Options.statistics: (nil)
2023/06/05-04:57:33.250460 7f9cd4092c40                               Options.use_fsync: 0
2023/06/05-04:57:33.250461 7f9cd4092c40                       Options.max_log_file_size: 0
2023/06/05-04:57:33.250462 7f9cd4092c40                  Options.max_manifest_file_size: 1073741824
2023/06/05-04:57:33.250463 7f9cd4092c40                   Options.log_file_time_to_roll: 0
2023/06/05-04:57:33.250464 7f9cd4092c40                       Options.keep_log_file_num: 1000
2023/06/05-04:57:33.250465 7f9cd4092c40                    Options.recycle_log_file_num: 0
2023/06/05-04:57:33.250466 7f9cd4092c40                         Options.allow_fallocate: 1
2023/06/05-04:57:33.250468 7f9cd4092c40                        Options.allow_mmap_reads: 0
2023/06/05-04:57:33.250469 7f9cd4092c40                       Options.allow_mmap_writes: 0
2023/06/05-04:57:33.250470 7f9cd4092c40                        Options.use_direct_reads: 0
2023/06/05-04:57:33.250471 7f9cd4092c40                        Options.use_direct_io_for_flush_and_compaction: 0
2023/06/05-04:57:33.250472 7f9cd4092c40          Options.create_missing_column_families: 1
2023/06/05-04:57:33.250473 7f9cd4092c40                              Options.db_log_dir: 
2023/06/05-04:57:33.250474 7f9cd4092c40                                 Options.wal_dir: 95784ded57124cb1b24d8f4d04c6e13e.vector/2/id_tracker
2023/06/05-04:57:33.250475 7f9cd4092c40                Options.table_cache_numshardbits: 6
2023/06/05-04:57:33.250476 7f9cd4092c40                         Options.WAL_ttl_seconds: 0
2023/06/05-04:57:33.250477 7f9cd4092c40                       Options.WAL_size_limit_MB: 0
2023/06/05-04:57:33.250478 7f9cd4092c40                        Options.max_write_batch_group_size_bytes: 1048576
2023/06/05-04:57:33.250479 7f9cd4092c40             Options.manifest_preallocation_size: 4194304
2023/06/05-04:57:33.250481 7f9cd4092c40                     Options.is_fd_close_on_exec: 1
2023/06/05-04:57:33.250482 7f9cd4092c40                   Options.advise_random_on_open: 1
2023/06/05-04:57:33.250483 7f9cd4092c40                    Options.db_write_buffer_size: 0
2023/06/05-04:57:33.250484 7f9cd4092c40                    Options.write_buffer_manager: 0x55aa50b5f410
2023/06/05-04:57:33.250485 7f9cd4092c40         Options.access_hint_on_compaction_start: 1
2023/06/05-04:57:33.250486 7f9cd4092c40  Options.new_table_reader_for_compaction_inputs: 0
2023/06/05-04:57:33.250487 7f9cd4092c40           Options.random_access_max_buffer_size: 1048576
2023/06/05-04:57:33.250499 7f9cd4092c40                      Options.use_adaptive_mutex: 0
2023/06/05-04:57:33.250501 7f9cd4092c40                            Options.rate_limiter: (nil)
2023/06/05-04:57:33.250502 7f9cd4092c40     Options.sst_file_manager.rate_bytes_per_sec: 0
2023/06/05-04:57:33.250503 7f9cd4092c40                       Options.wal_recovery_mode: 2
2023/06/05-04:57:33.250505 7f9cd4092c40                  Options.enable_thread_tracking: 0
2023/06/05-04:57:33.250506 7f9cd4092c40                  Options.enable_pipelined_write: 0
2023/06/05-04:57:33.250507 7f9cd4092c40                  Options.unordered_write: 0
2023/06/05-04:57:33.250508 7f9cd4092c40         Options.allow_concurrent_memtable_write: 1
2023/06/05-04:57:33.250508 7f9cd4092c40      Options.enable_write_thread_adaptive_yield: 1
2023/06/05-04:57:33.250509 7f9cd4092c40             Options.write_thread_max_yield_usec: 100
2023/06/05-04:57:33.250510 7f9cd4092c40            Options.write_thread_slow_yield_usec: 3
2023/06/05-04:57:33.250511 7f9cd4092c40                               Options.row_cache: None
2023/06/05-04:57:33.250512 7f9cd4092c40                              Options.wal_filter: None
2023/06/05-04:57:33.250513 7f9cd4092c40             Options.avoid_flush_during_recovery: 0
2023/06/05-04:57:33.250514 7f9cd4092c40             Options.allow_ingest_behind: 0
2023/06/05-04:57:33.250515 7f9cd4092c40             Options.preserve_deletes: 0
2023/06/05-04:57:33.250516 7f9cd4092c40             Options.two_write_queues: 0
2023/06/05-04:57:33.250517 7f9cd4092c40             Options.manual_wal_flush: 0
2023/06/05-04:57:33.250518 7f9cd4092c40             Options.atomic_flush: 0
2023/06/05-04:57:33.250519 7f9cd4092c40             Options.avoid_unnecessary_blocking_io: 0
2023/06/05-04:57:33.250520 7f9cd4092c40                 Options.persist_stats_to_disk: 0
2023/06/05-04:57:33.250520 7f9cd4092c40                 Options.write_dbid_to_manifest: 0
2023/06/05-04:57:33.250521 7f9cd4092c40                 Options.log_readahead_size: 0
2023/06/05-04:57:33.250522 7f9cd4092c40                 Options.file_checksum_gen_factory: Unknown
2023/06/05-04:57:33.250522 7f9cd4092c40                 Options.best_efforts_recovery: 0
2023/06/05-04:57:33.250523 7f9cd4092c40                Options.max_bgerror_resume_count: 2147483647
2023/06/05-04:57:33.250523 7f9cd4092c40            Options.bgerror_resume_retry_interval: 1000000
2023/06/05-04:57:33.250524 7f9cd4092c40             Options.allow_data_in_errors: 0
2023/06/05-04:57:33.250524 7f9cd4092c40             Options.db_host_id: __hostname__
2023/06/05-04:57:33.250525 7f9cd4092c40             Options.max_background_jobs: 2
2023/06/05-04:57:33.250525 7f9cd4092c40             Options.max_background_compactions: -1
2023/06/05-04:57:33.250526 7f9cd4092c40             Options.max_subcompactions: 1
2023/06/05-04:57:33.250527 7f9cd4092c40             Options.avoid_flush_during_shutdown: 0
2023/06/05-04:57:33.250527 7f9cd4092c40           Options.writable_file_max_buffer_size: 1048576
2023/06/05-04:57:33.250528 7f9cd4092c40             Options.delayed_write_rate : 16777216
2023/06/05-04:57:33.250528 7f9cd4092c40             Options.max_total_wal_size: 0
2023/06/05-04:57:33.250529 7f9cd4092c40             Options.delete_obsolete_files_period_micros: 21600000000
2023/06/05-04:57:33.250529 7f9cd4092c40                   Options.stats_dump_period_sec: 600
2023/06/05-04:57:33.250530 7f9cd4092c40                 Options.stats_persist_period_sec: 600
2023/06/05-04:57:33.250531 7f9cd4092c40                 Options.stats_history_buffer_size: 1048576
2023/06/05-04:57:33.250531 7f9cd4092c40                          Options.max_open_files: -1
2023/06/05-04:57:33.250532 7f9cd4092c40                          Options.bytes_per_sync: 0
2023/06/05-04:57:33.250532 7f9cd4092c40                      Options.wal_bytes_per_sync: 0
2023/06/05-04:57:33.250533 7f9cd4092c40                   Options.strict_bytes_per_sync: 0
2023/06/05-04:57:33.250533 7f9cd4092c40       Options.compaction_readahead_size: 0
2023/06/05-04:57:33.250538 7f9cd4092c40                  Options.max_background_flushes: -1
2023/06/05-04:57:33.250538 7f9cd4092c40 Compression algorithms supported:
2023/06/05-04:57:33.250540 7f9cd4092c40 	kZSTD supported: 0
2023/06/05-04:57:33.250540 7f9cd4092c40 	kXpressCompression supported: 0
2023/06/05-04:57:33.250541 7f9cd4092c40 	kBZip2Compression supported: 0
2023/06/05-04:57:33.250542 7f9cd4092c40 	kZSTDNotFinalCompression supported: 0
2023/06/05-04:57:33.250542 7f9cd4092c40 	kLZ4Compression supported: 0
2023/06/05-04:57:33.250543 7f9cd4092c40 	kZlibCompression supported: 0
2023/06/05-04:57:33.250544 7f9cd4092c40 	kLZ4HCCompression supported: 0
2023/06/05-04:57:33.250544 7f9cd4092c40 	kSnappyCompression supported: 1
2023/06/05-04:57:33.250546 7f9cd4092c40 Fast CRC32 supported: Not supported on x86
2023/06/05-04:57:33.250613 7f9cd4092c40 [db/version_set.cc:4626] Recovering from manifest file: 95784ded57124cb1b24d8f4d04c6e13e.vector/2/id_tracker/MANIFEST-000004
2023/06/05-04:57:33.250732 7f9cd4092c40 [db/column_family.cc:596] --------------- Options for column family [default]:
2023/06/05-04:57:33.250735 7f9cd4092c40               Options.comparator: leveldb.BytewiseComparator
2023/06/05-04:57:33.250735 7f9cd4092c40           Options.merge_operator: None
2023/06/05-04:57:33.250736 7f9cd4092c40        Options.compaction_filter: None
2023/06/05-04:57:33.250737 7f9cd4092c40        Options.compaction_filter_factory: None
2023/06/05-04:57:33.250737 7f9cd4092c40  Options.sst_partitioner_factory: None
2023/06/05-04:57:33.250738 7f9cd4092c40         Options.memtable_factory: SkipListFactory
2023/06/05-04:57:33.250739 7f9cd4092c40            Options.table_factory: BlockBasedTable
2023/06/05-04:57:33.250840 7f9cd4092c40            table_factory options:   flush_block_policy_factory: FlushBlockBySizePolicyFactory (0x55aa50aac860)
  cache_index_and_filter_blocks: 0
  cache_index_and_filter_blocks_with_high_priority: 1
  pin_l0_filter_and_index_blocks_in_cache: 0
  pin_top_level_index_and_filter: 1
  index_type: 0
  data_block_index_type: 0
  index_shortening: 1
  data_block_hash_table_util_ratio: 0.750000
  hash_index_allow_collision: 1
  checksum: 1
  no_block_cache: 0
  block_cache: 0x55aa50b63490
  block_cache_name: LRUCache
  block_cache_options:
    capacity : 8388608
    num_shard_bits : 4
    strict_capacity_limit : 0
    memory_allocator : None
    high_pri_pool_ratio: 0.000
  block_cache_compressed: (nil)
  persistent_cache: (nil)
  block_size: 4096
  block_size_deviation: 10
  block_restart_interval: 16
  index_block_restart_interval: 1
  metadata_block_size: 4096
  partition_filters: 0
  use_delta_encoding: 1
  filter_policy: nullptr
  whole_key_filtering: 1
  verify_compression: 0
  read_amp_bytes_per_bit: 0
  format_version: 5
  enable_index_compression: 1
  block_align: 0
2023/06/05-04:57:33.250842 7f9cd4092c40        Options.write_buffer_size: 67108864
2023/06/05-04:57:33.250843 7f9cd4092c40  Options.max_write_buffer_number: 2
2023/06/05-04:57:33.250845 7f9cd4092c40          Options.compression: Snappy
2023/06/05-04:57:33.250846 7f9cd4092c40                  Options.bottommost_compression: Disabled
2023/06/05-04:57:33.250847 7f9cd4092c40       Options.prefix_extractor: nullptr
2023/06/05-04:57:33.250848 7f9cd4092c40   Options.memtable_insert_with_hint_prefix_extractor: nullptr
2023/06/05-04:57:33.250849 7f9cd4092c40             Options.num_levels: 7
2023/06/05-04:57:33.250850 7f9cd4092c40        Options.min_write_buffer_number_to_merge: 1
2023/06/05-04:57:33.250851 7f9cd4092c40     Options.max_write_buffer_number_to_maintain: 0
2023/06/05-04:57:33.250852 7f9cd4092c40     Options.max_write_buffer_size_to_maintain: 0
2023/06/05-04:57:33.250853 7f9cd4092c40            Options.bottommost_compression_opts.window_bits: -14
2023/06/05-04:57:33.250854 7f9cd4092c40                  Options.bottommost_compression_opts.level: 32767
2023/06/05-04:57:33.250855 7f9cd4092c40               Options.bottommost_compression_opts.strategy: 0
2023/06/05-04:57:33.250856 7f9cd4092c40         Options.bottommost_compression_opts.max_dict_bytes: 0
2023/06/05-04:57:33.250883 7f9cd4092c40         Options.bottommost_compression_opts.zstd_max_train_bytes: 0
2023/06/05-04:57:33.250884 7f9cd4092c40         Options.bottommost_compression_opts.parallel_threads: 1
2023/06/05-04:57:33.250885 7f9cd4092c40                  Options.bottommost_compression_opts.enabled: false
2023/06/05-04:57:33.250886 7f9cd4092c40         Options.bottommost_compression_opts.max_dict_buffer_bytes: 0
2023/06/05-04:57:33.250887 7f9cd4092c40            Options.compression_opts.window_bits: -14
2023/06/05-04:57:33.250888 7f9cd4092c40                  Options.compression_opts.level: 32767
2023/06/05-04:57:33.250889 7f9cd4092c40               Options.compression_opts.strategy: 0
2023/06/05-04:57:33.250890 7f9cd4092c40         Options.compression_opts.max_dict_bytes: 0
2023/06/05-04:57:33.250892 7f9cd4092c40         Options.compression_opts.zstd_max_train_bytes: 0
2023/06/05-04:57:33.250893 7f9cd4092c40         Options.compression_opts.parallel_threads: 1
2023/06/05-04:57:33.250894 7f9cd4092c40                  Options.compression_opts.enabled: false
2023/06/05-04:57:33.250895 7f9cd4092c40         Options.compression_opts.max_dict_buffer_bytes: 0
2023/06/05-04:57:33.250896 7f9cd4092c40      Options.level0_file_num_compaction_trigger: 4
2023/06/05-04:57:33.250897 7f9cd4092c40          Options.level0_slowdown_writes_trigger: 20
2023/06/05-04:57:33.250898 7f9cd4092c40              Options.level0_stop_writes_trigger: 36
2023/06/05-04:57:33.250899 7f9cd4092c40                   Options.target_file_size_base: 67108864
2023/06/05-04:57:33.250900 7f9cd4092c40             Options.target_file_size_multiplier: 1
2023/06/05-04:57:33.250901 7f9cd4092c40                Options.max_bytes_for_level_base: 268435456
2023/06/05-04:57:33.250902 7f9cd4092c40 Options.level_compaction_dynamic_level_bytes: 0
2023/06/05-04:57:33.250903 7f9cd4092c40          Options.max_bytes_for_level_multiplier: 10.000000
2023/06/05-04:57:33.250906 7f9cd4092c40 Options.max_bytes_for_level_multiplier_addtl[0]: 1
2023/06/05-04:57:33.250907 7f9cd4092c40 Options.max_bytes_for_level_multiplier_addtl[1]: 1
2023/06/05-04:57:33.250908 7f9cd4092c40 Options.max_bytes_for_level_multiplier_addtl[2]: 1
2023/06/05-04:57:33.250909 7f9cd4092c40 Options.max_bytes_for_level_multiplier_addtl[3]: 1
2023/06/05-04:57:33.250910 7f9cd4092c40 Options.max_bytes_for_level_multiplier_addtl[4]: 1
2023/06/05-04:57:33.250912 7f9cd4092c40 Options.max_bytes_for_level_multiplier_addtl[5]: 1
2023/06/05-04:57:33.250913 7f9cd4092c40 Options.max_bytes_for_level_multiplier_addtl[6]: 1
2023/06/05-04:57:33.250914 7f9cd4092c40       Options.max_sequential_skip_in_iterations: 8
2023/06/05-04:57:33.250915 7f9cd4092c40                    Options.max_compaction_bytes: 1677721600
2023/06/05-04:57:33.250916 7f9cd4092c40                        Options.arena_block_size: 8388608
2023/06/05-04:57:33.250917 7f9cd4092c40   Options.soft_pending_compaction_bytes_limit: 68719476736
2023/06/05-04:57:33.250918 7f9cd4092c40   Options.hard_pending_compaction_bytes_limit: 274877906944
2023/06/05-04:57:33.250920 7f9cd4092c40       Options.rate_limit_delay_max_milliseconds: 100
2023/06/05-04:57:33.250921 7f9cd4092c40                Options.disable_auto_compactions: 0
2023/06/05-04:57:33.250923 7f9cd4092c40                        Options.compaction_style: kCompactionStyleLevel
2023/06/05-04:57:33.250924 7f9cd4092c40                          Options.compaction_pri: kMinOverlappingRatio
2023/06/05-04:57:33.250925 7f9cd4092c40 Options.compaction_options_universal.size_ratio: 1
2023/06/05-04:57:33.250927 7f9cd4092c40 Options.compaction_options_universal.min_merge_width: 2
2023/06/05-04:57:33.250928 7f9cd4092c40 Options.compaction_options_universal.max_merge_width: 4294967295
2023/06/05-04:57:33.250929 7f9cd4092c40 Options.compaction_options_universal.max_size_amplification_percent: 200
2023/06/05-04:57:33.250930 7f9cd4092c40 Options.compaction_options_universal.compression_size_percent: -1
2023/06/05-04:57:33.250931 7f9cd4092c40 Options.compaction_options_universal.stop_style: kCompactionStopStyleTotalSize
2023/06/05-04:57:33.250938 7f9cd4092c40 Options.compaction_options_fifo.max_table_files_size: 1073741824
2023/06/05-04:57:33.250939 7f9cd4092c40 Options.compaction_options_fifo.allow_compaction: 0
2023/06/05-04:57:33.250943 7f9cd4092c40                   Options.table_properties_collectors: 
2023/06/05-04:57:33.250945 7f9cd4092c40                   Options.inplace_update_support: 0
2023/06/05-04:57:33.250946 7f9cd4092c40                 Options.inplace_update_num_locks: 10000
2023/06/05-04:57:33.250946 7f9cd4092c40               Options.memtable_prefix_bloom_size_ratio: 0.000000
2023/06/05-04:57:33.250948 7f9cd4092c40               Options.memtable_whole_key_filtering: 0
2023/06/05-04:57:33.250949 7f9cd4092c40   Options.memtable_huge_page_size: 0
2023/06/05-04:57:33.250950 7f9cd4092c40                           Options.bloom_locality: 0
2023/06/05-04:57:33.250951 7f9cd4092c40                    Options.max_successive_merges: 0
2023/06/05-04:57:33.250952 7f9cd4092c40                Options.optimize_filters_for_hits: 0
2023/06/05-04:57:33.250953 7f9cd4092c40                Options.paranoid_file_checks: 0
2023/06/05-04:57:33.250954 7f9cd4092c40                Options.force_consistency_checks: 1
2023/06/05-04:57:33.250955 7f9cd4092c40                Options.report_bg_io_stats: 0
2023/06/05-04:57:33.250956 7f9cd4092c40                               Options.ttl: 2592000
2023/06/05-04:57:33.250957 7f9cd4092c40          Options.periodic_compaction_seconds: 0
2023/06/05-04:57:33.250958 7f9cd4092c40                    Options.enable_blob_files: false
2023/06/05-04:57:33.250959 7f9cd4092c40                        Options.min_blob_size: 0
2023/06/05-04:57:33.250960 7f9cd4092c40                       Options.blob_file_size: 268435456
2023/06/05-04:57:33.250961 7f9cd4092c40                Options.blob_compression_type: NoCompression
2023/06/05-04:57:33.250962 7f9cd4092c40       Options.enable_blob_garbage_collection: false
2023/06/05-04:57:33.250962 7f9cd4092c40   Options.blob_garbage_collection_age_cutoff: 0.250000
2023/06/05-04:57:33.251084 7f9cd4092c40 [db/column_family.cc:596] --------------- Options for column family [mapping]:
2023/06/05-04:57:33.251086 7f9cd4092c40               Options.comparator: leveldb.BytewiseComparator
2023/06/05-04:57:33.251087 7f9cd4092c40           Options.merge_operator: None
2023/06/05-04:57:33.251088 7f9cd4092c40        Options.compaction_filter: None
2023/06/05-04:57:33.251088 7f9cd4092c40        Options.compaction_filter_factory: None
2023/06/05-04:57:33.251089 7f9cd4092c40  Options.sst_partitioner_factory: None
2023/06/05-04:57:33.251090 7f9cd4092c40         Options.memtable_factory: SkipListFactory
2023/06/05-04:57:33.251090 7f9cd4092c40            Options.table_factory: BlockBasedTable
2023/06/05-04:57:33.251105 7f9cd4092c40            table_factory options:   flush_block_policy_factory: FlushBlockBySizePolicyFactory (0x55aa50b5e050)
  cache_index_and_filter_blocks: 0
  cache_index_and_filter_blocks_with_high_priority: 1
  pin_l0_filter_and_index_blocks_in_cache: 0
  pin_top_level_index_and_filter: 1
  index_type: 0
  data_block_index_type: 0
  index_shortening: 1
  data_block_hash_table_util_ratio: 0.750000
  hash_index_allow_collision: 1
  checksum: 1
  no_block_cache: 0
  block_cache: 0x55aa50aabab0
  block_cache_name: LRUCache
  block_cache_options:
    capacity : 8388608
    num_shard_bits : 4
    strict_capacity_limit : 0
    memory_allocator : None
    high_pri_pool_ratio: 0.000
  block_cache_compressed: (nil)
  persistent_cache: (nil)
  block_size: 4096
  block_size_deviation: 10
  block_restart_interval: 16
  index_block_restart_interval: 1
  metadata_block_size: 4096
  partition_filters: 0
  use_delta_encoding: 1
  filter_policy: nullptr
  whole_key_filtering: 1
  verify_compression: 0
  read_amp_bytes_per_bit: 0
  format_version: 5
  enable_index_compression: 1
  block_align: 0
2023/06/05-04:57:33.251107 7f9cd4092c40        Options.write_buffer_size: 67108864
2023/06/05-04:57:33.251107 7f9cd4092c40  Options.max_write_buffer_number: 2
2023/06/05-04:57:33.251108 7f9cd4092c40          Options.compression: Snappy
2023/06/05-04:57:33.251117 7f9cd4092c40                  Options.bottommost_compression: Disabled
2023/06/05-04:57:33.251118 7f9cd4092c40       Options.prefix_extractor: nullptr
2023/06/05-04:57:33.251118 7f9cd4092c40   Options.memtable_insert_with_hint_prefix_extractor: nullptr
2023/06/05-04:57:33.251119 7f9cd4092c40             Options.num_levels: 7
2023/06/05-04:57:33.251119 7f9cd4092c40        Options.min_write_buffer_number_to_merge: 1
2023/06/05-04:57:33.251120 7f9cd4092c40     Options.max_write_buffer_number_to_maintain: 0
2023/06/05-04:57:33.251120 7f9cd4092c40     Options.max_write_buffer_size_to_maintain: 0
2023/06/05-04:57:33.251121 7f9cd4092c40            Options.bottommost_compression_opts.window_bits: -14
2023/06/05-04:57:33.251122 7f9cd4092c40                  Options.bottommost_compression_opts.level: 32767
2023/06/05-04:57:33.251122 7f9cd4092c40               Options.bottommost_compression_opts.strategy: 0
2023/06/05-04:57:33.251123 7f9cd4092c40         Options.bottommost_compression_opts.max_dict_bytes: 0
2023/06/05-04:57:33.251123 7f9cd4092c40         Options.bottommost_compression_opts.zstd_max_train_bytes: 0
2023/06/05-04:57:33.251124 7f9cd4092c40         Options.bottommost_compression_opts.parallel_threads: 1
2023/06/05-04:57:33.251124 7f9cd4092c40                  Options.bottommost_compression_opts.enabled: false
2023/06/05-04:57:33.251125 7f9cd4092c40         Options.bottommost_compression_opts.max_dict_buffer_bytes: 0
2023/06/05-04:57:33.251125 7f9cd4092c40            Options.compression_opts.window_bits: -14
2023/06/05-04:57:33.251126 7f9cd4092c40                  Options.compression_opts.level: 32767
2023/06/05-04:57:33.251126 7f9cd4092c40               Options.compression_opts.strategy: 0
2023/06/05-04:57:33.251127 7f9cd4092c40         Options.compression_opts.max_dict_bytes: 0
2023/06/05-04:57:33.251127 7f9cd4092c40         Options.compression_opts.zstd_max_train_bytes: 0
2023/06/05-04:57:33.251128 7f9cd4092c40         Options.compression_opts.parallel_threads: 1
2023/06/05-04:57:33.251128 7f9cd4092c40                  Options.compression_opts.enabled: false
2023/06/05-04:57:33.251129 7f9cd4092c40         Options.compression_opts.max_dict_buffer_bytes: 0
2023/06/05-04:57:33.251129 7f9cd4092c40      Options.level0_file_num_compaction_trigger: 4
2023/06/05-04:57:33.251130 7f9cd4092c40          Options.level0_slowdown_writes_trigger: 20
2023/06/05-04:57:33.251130 7f9cd4092c40              Options.level0_stop_writes_trigger: 36
2023/06/05-04:57:33.251131 7f9cd4092c40                   Options.target_file_size_base: 67108864
2023/06/05-04:57:33.251132 7f9cd4092c40             Options.target_file_size_multiplier: 1
2023/06/05-04:57:33.251132 7f9cd4092c40                Options.max_bytes_for_level_base: 268435456
2023/06/05-04:57:33.251133 7f9cd4092c40 Options.level_compaction_dynamic_level_bytes: 0
2023/06/05-04:57:33.251133 7f9cd4092c40          Options.max_bytes_for_level_multiplier: 10.000000
2023/06/05-04:57:33.251134 7f9cd4092c40 Options.max_bytes_for_level_multiplier_addtl[0]: 1
2023/06/05-04:57:33.251135 7f9cd4092c40 Options.max_bytes_for_level_multiplier_addtl[1]: 1
2023/06/05-04:57:33.251136 7f9cd4092c40 Options.max_bytes_for_level_multiplier_addtl[2]: 1
2023/06/05-04:57:33.251136 7f9cd4092c40 Options.max_bytes_for_level_multiplier_addtl[3]: 1
2023/06/05-04:57:33.251137 7f9cd4092c40 Options.max_bytes_for_level_multiplier_addtl[4]: 1
2023/06/05-04:57:33.251137 7f9cd4092c40 Options.max_bytes_for_level_multiplier_addtl[5]: 1
2023/06/05-04:57:33.251138 7f9cd4092c40 Options.max_bytes_for_level_multiplier_addtl[6]: 1
2023/06/05-04:57:33.251138 7f9cd4092c40       Options.max_sequential_skip_in_iterations: 8
2023/06/05-04:57:33.251139 7f9cd4092c40                    Options.max_compaction_bytes: 1677721600
2023/06/05-04:57:33.251139 7f9cd4092c40                        Options.arena_block_size: 8388608
2023/06/05-04:57:33.251140 7f9cd4092c40   Options.soft_pending_compaction_bytes_limit: 68719476736
2023/06/05-04:57:33.251140 7f9cd4092c40   Options.hard_pending_compaction_bytes_limit: 274877906944
2023/06/05-04:57:33.251144 7f9cd4092c40       Options.rate_limit_delay_max_milliseconds: 100
2023/06/05-04:57:33.251145 7f9cd4092c40                Options.disable_auto_compactions: 0
2023/06/05-04:57:33.251146 7f9cd4092c40                        Options.compaction_style: kCompactionStyleLevel
2023/06/05-04:57:33.251147 7f9cd4092c40                          Options.compaction_pri: kMinOverlappingRatio
2023/06/05-04:57:33.251148 7f9cd4092c40 Options.compaction_options_universal.size_ratio: 1
2023/06/05-04:57:33.251149 7f9cd4092c40 Options.compaction_options_universal.min_merge_width: 2
2023/06/05-04:57:33.251149 7f9cd4092c40 Options.compaction_options_universal.max_merge_width: 4294967295
2023/06/05-04:57:33.251150 7f9cd4092c40 Options.compaction_options_universal.max_size_amplification_percent: 200
2023/06/05-04:57:33.251150 7f9cd4092c40 Options.compaction_options_universal.compression_size_percent: -1
2023/06/05-04:57:33.251151 7f9cd4092c40 Options.compaction_options_universal.stop_style: kCompactionStopStyleTotalSize
2023/06/05-04:57:33.251152 7f9cd4092c40 Options.compaction_options_fifo.max_table_files_size: 1073741824
2023/06/05-04:57:33.251152 7f9cd4092c40 Options.compaction_options_fifo.allow_compaction: 0
2023/06/05-04:57:33.251155 7f9cd4092c40                   Options.table_properties_collectors: 
2023/06/05-04:57:33.251155 7f9cd4092c40                   Options.inplace_update_support: 0
2023/06/05-04:57:33.251156 7f9cd4092c40                 Options.inplace_update_num_locks: 10000
2023/06/05-04:57:33.251157 7f9cd4092c40               Options.memtable_prefix_bloom_size_ratio: 0.000000
2023/06/05-04:57:33.251157 7f9cd4092c40               Options.memtable_whole_key_filtering: 0
2023/06/05-04:57:33.251158 7f9cd4092c40   Options.memtable_huge_page_size: 0
2023/06/05-04:57:33.251158 7f9cd4092c40                           Options.bloom_locality: 0
2023/06/05-04:57:33.251159 7f9cd4092c40                    Options.max_successive_merges: 0
2023/06/05-04:57:33.251159 7f9cd4092c40                Options.optimize_filters_for_hits: 0
2023/06/05-04:57:33.251160 7f9cd4092c40                Options.paranoid_file_checks: 0
2023/06/05-04:57:33.251160 7f9cd4092c40                Options.force_consistency_checks: 1
2023/06/05-04:57:33.251161 7f9cd4092c40                Options.report_bg_io_stats: 0
2023/06/05-04:57:33.251162 7f9cd4092c40                               Options.ttl: 2592000
2023/06/05-04:57:33.251162 7f9cd4092c40          Options.periodic_compaction_seconds: 0
2023/06/05-04:57:33.251163 7f9cd4092c40                    Options.enable_blob_files: false
2023/06/05-04:57:33.251163 7f9cd4092c40                        Options.min_blob_size: 0
2023/06/05-04:57:33.251164 7f9cd4092c40                       Options.blob_file_size: 268435456
2023/06/05-04:57:33.251164 7f9cd4092c40                Options.blob_compression_type: NoCompression
2023/06/05-04:57:33.251165 7f9cd4092c40       Options.enable_blob_garbage_collection: false
2023/06/05-04:57:33.251165 7f9cd4092c40   Options.blob_garbage_collection_age_cutoff: 0.250000
2023/06/05-04:57:33.251267 7f9cd4092c40 [db/column_family.cc:596] --------------- Options for column family [versions]:
2023/06/05-04:57:33.251270 7f9cd4092c40               Options.comparator: leveldb.BytewiseComparator
2023/06/05-04:57:33.251270 7f9cd4092c40           Options.merge_operator: None
2023/06/05-04:57:33.251271 7f9cd4092c40        Options.compaction_filter: None
2023/06/05-04:57:33.251272 7f9cd4092c40        Options.compaction_filter_factory: None
2023/06/05-04:57:33.251272 7f9cd4092c40  Options.sst_partitioner_factory: None
2023/06/05-04:57:33.251273 7f9cd4092c40         Options.memtable_factory: SkipListFactory
2023/06/05-04:57:33.251273 7f9cd4092c40            Options.table_factory: BlockBasedTable
2023/06/05-04:57:33.251297 7f9cd4092c40            table_factory options:   flush_block_policy_factory: FlushBlockBySizePolicyFactory (0x55aa50a51590)
  cache_index_and_filter_blocks: 0
  cache_index_and_filter_blocks_with_high_priority: 1
  pin_l0_filter_and_index_blocks_in_cache: 0
  pin_top_level_index_and_filter: 1
  index_type: 0
  data_block_index_type: 0
  index_shortening: 1
  data_block_hash_table_util_ratio: 0.750000
  hash_index_allow_collision: 1
  checksum: 1
  no_block_cache: 0
  block_cache: 0x55aa50a56e50
  block_cache_name: LRUCache
  block_cache_options:
    capacity : 8388608
    num_shard_bits : 4
    strict_capacity_limit : 0
    memory_allocator : None
    high_pri_pool_ratio: 0.000
  block_cache_compressed: (nil)
  persistent_cache: (nil)
  block_size: 4096
  block_size_deviation: 10
  block_restart_interval: 16
  index_block_restart_interval: 1
  metadata_block_size: 4096
  partition_filters: 0
  use_delta_encoding: 1
  filter_policy: nullptr
  whole_key_filtering: 1
  verify_compression: 0
  read_amp_bytes_per_bit: 0
  format_version: 5
  enable_index_compression: 1
  block_align: 0
2023/06/05-04:57:33.251306 7f9cd4092c40        Options.write_buffer_size: 67108864
2023/06/05-04:57:33.251307 7f9cd4092c40  Options.max_write_buffer_number: 2
2023/06/05-04:57:33.251308 7f9cd4092c40          Options.compression: Snappy
2023/06/05-04:57:33.251308 7f9cd4092c40                  Options.bottommost_compression: Disabled
2023/06/05-04:57:33.251309 7f9cd4092c40       Options.prefix_extractor: nullptr
2023/06/05-04:57:33.251310 7f9cd4092c40   Options.memtable_insert_with_hint_prefix_extractor: nullptr
2023/06/05-04:57:33.251310 7f9cd4092c40             Options.num_levels: 7
2023/06/05-04:57:33.251311 7f9cd4092c40        Options.min_write_buffer_number_to_merge: 1
2023/06/05-04:57:33.251311 7f9cd4092c40     Options.max_write_buffer_number_to_maintain: 0
2023/06/05-04:57:33.251312 7f9cd4092c40     Options.max_write_buffer_size_to_maintain: 0
2023/06/05-04:57:33.251312 7f9cd4092c40            Options.bottommost_compression_opts.window_bits: -14
2023/06/05-04:57:33.251313 7f9cd4092c40                  Options.bottommost_compression_opts.level: 32767
2023/06/05-04:57:33.251313 7f9cd4092c40               Options.bottommost_compression_opts.strategy: 0
2023/06/05-04:57:33.251314 7f9cd4092c40         Options.bottommost_compression_opts.max_dict_bytes: 0
2023/06/05-04:57:33.251315 7f9cd4092c40         Options.bottommost_compression_opts.zstd_max_train_bytes: 0
2023/06/05-04:57:33.251315 7f9cd4092c40         Options.bottommost_compression_opts.parallel_threads: 1
2023/06/05-04:57:33.251316 7f9cd4092c40                  Options.bottommost_compression_opts.enabled: false
2023/06/05-04:57:33.251316 7f9cd4092c40         Options.bottommost_compression_opts.max_dict_buffer_bytes: 0
2023/06/05-04:57:33.251317 7f9cd4092c40            Options.compression_opts.window_bits: -14
2023/06/05-04:57:33.251317 7f9cd4092c40                  Options.compression_opts.level: 32767
2023/06/05-04:57:33.251318 7f9cd4092c40               Options.compression_opts.strategy: 0
2023/06/05-04:57:33.251318 7f9cd4092c40         Options.compression_opts.max_dict_bytes: 0
2023/06/05-04:57:33.251319 7f9cd4092c40         Options.compression_opts.zstd_max_train_bytes: 0
2023/06/05-04:57:33.251319 7f9cd4092c40         Options.compression_opts.parallel_threads: 1
2023/06/05-04:57:33.251320 7f9cd4092c40                  Options.compression_opts.enabled: false
2023/06/05-04:57:33.251320 7f9cd4092c40         Options.compression_opts.max_dict_buffer_bytes: 0
2023/06/05-04:57:33.251321 7f9cd4092c40      Options.level0_file_num_compaction_trigger: 4
2023/06/05-04:57:33.251321 7f9cd4092c40          Options.level0_slowdown_writes_trigger: 20
2023/06/05-04:57:33.251322 7f9cd4092c40              Options.level0_stop_writes_trigger: 36
2023/06/05-04:57:33.251323 7f9cd4092c40                   Options.target_file_size_base: 67108864
2023/06/05-04:57:33.251323 7f9cd4092c40             Options.target_file_size_multiplier: 1
2023/06/05-04:57:33.251324 7f9cd4092c40                Options.max_bytes_for_level_base: 268435456
2023/06/05-04:57:33.251324 7f9cd4092c40 Options.level_compaction_dynamic_level_bytes: 0
2023/06/05-04:57:33.251325 7f9cd4092c40          Options.max_bytes_for_level_multiplier: 10.000000
2023/06/05-04:57:33.251329 7f9cd4092c40 Options.max_bytes_for_level_multiplier_addtl[0]: 1
2023/06/05-04:57:33.251330 7f9cd4092c40 Options.max_bytes_for_level_multiplier_addtl[1]: 1
2023/06/05-04:57:33.251331 7f9cd4092c40 Options.max_bytes_for_level_multiplier_addtl[2]: 1
2023/06/05-04:57:33.251331 7f9cd4092c40 Options.max_bytes_for_level_multiplier_addtl[3]: 1
2023/06/05-04:57:33.251332 7f9cd4092c40 Options.max_bytes_for_level_multiplier_addtl[4]: 1
2023/06/05-04:57:33.251332 7f9cd4092c40 Options.max_bytes_for_level_multiplier_addtl[5]: 1
2023/06/05-04:57:33.251333 7f9cd4092c40 Options.max_bytes_for_level_multiplier_addtl[6]: 1
2023/06/05-04:57:33.251333 7f9cd4092c40       Options.max_sequential_skip_in_iterations: 8
2023/06/05-04:57:33.251334 7f9cd4092c40                    Options.max_compaction_bytes: 1677721600
2023/06/05-04:57:33.251334 7f9cd4092c40                        Options.arena_block_size: 8388608
2023/06/05-04:57:33.251335 7f9cd4092c40   Options.soft_pending_compaction_bytes_limit: 68719476736
2023/06/05-04:57:33.251336 7f9cd4092c40   Options.hard_pending_compaction_bytes_limit: 274877906944
2023/06/05-04:57:33.251336 7f9cd4092c40       Options.rate_limit_delay_max_milliseconds: 100
2023/06/05-04:57:33.251337 7f9cd4092c40                Options.disable_auto_compactions: 0
2023/06/05-04:57:33.251338 7f9cd4092c40                        Options.compaction_style: kCompactionStyleLevel
2023/06/05-04:57:33.251339 7f9cd4092c40                          Options.compaction_pri: kMinOverlappingRatio
2023/06/05-04:57:33.251340 7f9cd4092c40 Options.compaction_options_universal.size_ratio: 1
2023/06/05-04:57:33.251340 7f9cd4092c40 Options.compaction_options_universal.min_merge_width: 2
2023/06/05-04:57:33.251341 7f9cd4092c40 Options.compaction_options_universal.max_merge_width: 4294967295
2023/06/05-04:57:33.251341 7f9cd4092c40 Options.compaction_options_universal.max_size_amplification_percent: 200
2023/06/05-04:57:33.251342 7f9cd4092c40 Options.compaction_options_universal.compression_size_percent: -1
2023/06/05-04:57:33.251343 7f9cd4092c40 Options.compaction_options_universal.stop_style: kCompactionStopStyleTotalSize
2023/06/05-04:57:33.251343 7f9cd4092c40 Options.compaction_options_fifo.max_table_files_size: 1073741824
2023/06/05-04:57:33.251344 7f9cd4092c40 Options.compaction_options_fifo.allow_compaction: 0
2023/06/05-04:57:33.251346 7f9cd4092c40                   Options.table_properties_collectors: 
2023/06/05-04:57:33.251347 7f9cd4092c40                   Options.inplace_update_support: 0
2023/06/05-04:57:33.251348 7f9cd4092c40                 Options.inplace_update_num_locks: 10000
2023/06/05-04:57:33.251348 7f9cd4092c40               Options.memtable_prefix_bloom_size_ratio: 0.000000
2023/06/05-04:57:33.251349 7f9cd4092c40               Options.memtable_whole_key_filtering: 0
2023/06/05-04:57:33.251349 7f9cd4092c40   Options.memtable_huge_page_size: 0
2023/06/05-04:57:33.251350 7f9cd4092c40                           Options.bloom_locality: 0
2023/06/05-04:57:33.251351 7f9cd4092c40                    Options.max_successive_merges: 0
2023/06/05-04:57:33.251351 7f9cd4092c40                Options.optimize_filters_for_hits: 0
2023/06/05-04:57:33.251352 7f9cd4092c40                Options.paranoid_file_checks: 0
2023/06/05-04:57:33.251352 7f9cd4092c40                Options.force_consistency_checks: 1
2023/06/05-04:57:33.251353 7f9cd4092c40                Options.report_bg_io_stats: 0
2023/06/05-04:57:33.251353 7f9cd4092c40                               Options.ttl: 2592000
2023/06/05-04:57:33.251354 7f9cd4092c40          Options.periodic_compaction_seconds: 0
2023/06/05-04:57:33.251354 7f9cd4092c40                    Options.enable_blob_files: false
2023/06/05-04:57:33.251355 7f9cd4092c40                        Options.min_blob_size: 0
2023/06/05-04:57:33.251355 7f9cd4092c40                       Options.blob_file_size: 268435456
2023/06/05-04:57:33.251356 7f9cd4092c40                Options.blob_compression_type: NoCompression
2023/06/05-04:57:33.251357 7f9cd4092c40       Options.enable_blob_garbage_collection: false
2023/06/05-04:57:33.251359 7f9cd4092c40   Options.blob_garbage_collection_age_cutoff: 0.250000
2023/06/05-04:57:33.257292 7f9cd4092c40 [db/version_set.cc:4666] Recovered from manifest file:95784ded57124cb1b24d8f4d04c6e13e.vector/2/id_tracker/MANIFEST-000004 succeeded,manifest_file_number is 4, next_file_number is 9, last_sequence is 0, log_number is 5,prev_log_number is 0,max_column_family is 2,min_log_number_to_keep is 0
2023/06/05-04:57:33.257296 7f9cd4092c40 [db/version_set.cc:4681] Column family [default] (ID 0), log number is 0
2023/06/05-04:57:33.257297 7f9cd4092c40 [db/version_set.cc:4681] Column family [mapping] (ID 1), log number is 5
2023/06/05-04:57:33.257298 7f9cd4092c40 [db/version_set.cc:4681] Column family [versions] (ID 2), log number is 5
2023/06/05-04:57:33.257394 7f9cd4092c40 [db/version_set.cc:4118] Creating manifest 12
2023/06/05-04:57:33.261189 7f9cd4092c40 EVENT_LOG_v1 {"time_micros": 1685941053261185, "job": 1, "event": "recovery_started", "wal_files": [5]}
2023/06/05-04:57:33.261193 7f9cd4092c40 [db/db_impl/db_impl_open.cc:854] Recovering log #5 mode 2
2023/06/05-04:57:33.263064 7f9cd4092c40 EVENT_LOG_v1 {"time_micros": 1685941053263044, "cf_name": "mapping", "job": 1, "event": "table_file_creation", "file_number": 13, "file_size": 936, "file_checksum": "", "file_checksum_func_name": "Unknown", "table_properties": {"data_size": 30, "index_size": 25, "index_partitions": 0, "top_level_index_size": 0, "index_key_is_user_key": 1, "index_value_is_delta_encoded": 1, "filter_size": 0, "raw_key_size": 16, "raw_average_key_size": 16, "raw_value_size": 4, "raw_average_value_size": 4, "num_data_blocks": 1, "num_entries": 1, "num_deletions": 0, "num_merge_operands": 0, "num_range_deletions": 0, "format_version": 0, "fixed_key_len": 0, "filter_policy": "", "column_family_name": "mapping", "column_family_id": 1, "comparator": "leveldb.BytewiseComparator", "merge_operator": "nullptr", "prefix_extractor_name": "nullptr", "property_collectors": "[]", "compression": "Snappy", "compression_options": "window_bits=-14; level=32767; strategy=0; max_dict_bytes=0; zstd_max_train_bytes=0; enabled=0; max_dict_buffer_bytes=0; ", "creation_time": 1685941053, "oldest_key_time": 0, "file_creation_time": 0, "slow_compression_estimated_data_size": 0, "fast_compression_estimated_data_size": 0, "db_id": "16bc3ecb-eb90-4769-84b4-39631d084190", "db_session_id": "J9J78BGV8UGUJW85W9WF"}}
