2023/06/05-04:57:33.146969 7f9c4f9fc640 RocksDB version: 6.20.3
2023/06/05-04:57:33.147001 7f9c4f9fc640 Git sha 8608d75d85f8e1b3b64b73a4fb6d19baec61ba5c
2023/06/05-04:57:33.147003 7f9c4f9fc640 Compile date 2021-05-05 20:35:30
2023/06/05-04:57:33.147048 7f9c4f9fc640 DB SUMMARY
2023/06/05-04:57:33.147051 7f9c4f9fc640 DB Session ID:  4HEMYP11EN2KQKMLIZ3R
2023/06/05-04:57:33.147070 7f9c4f9fc640 SST files in 95784ded57124cb1b24d8f4d04c6e13e.vector/2/vector_storage dir, Total Num: 0, files: 
2023/06/05-04:57:33.147072 7f9c4f9fc640 Write Ahead Log file in 95784ded57124cb1b24d8f4d04c6e13e.vector/2/vector_storage: 
2023/06/05-04:57:33.147074 7f9c4f9fc640                         Options.error_if_exists: 0
2023/06/05-04:57:33.147075 7f9c4f9fc640                       Options.create_if_missing: 1
2023/06/05-04:57:33.147077 7f9c4f9fc640                         Options.paranoid_checks: 1
2023/06/05-04:57:33.147078 7f9c4f9fc640                               Options.track_and_verify_wals_in_manifest: 0
2023/06/05-04:57:33.147079 7f9c4f9fc640                                     Options.env: 0x55aa4eeb6c80
2023/06/05-04:57:33.147080 7f9c4f9fc640                                      Options.fs: Posix File System
2023/06/05-04:57:33.147081 7f9c4f9fc640                                Options.info_log: 0x7f9c38118eb0
2023/06/05-04:57:33.147082 7f9c4f9fc640                Options.max_file_opening_threads: 16
2023/06/05-04:57:33.147083 7f9c4f9fc640                              Options.statistics: (nil)
2023/06/05-04:57:33.147084 7f9c4f9fc640                               Options.use_fsync: 0
2023/06/05-04:57:33.147085 7f9c4f9fc640                       Options.max_log_file_size: 0
2023/06/05-04:57:33.147086 7f9c4f9fc640                  Options.max_manifest_file_size: 1073741824
2023/06/05-04:57:33.147088 7f9c4f9fc640                   Options.log_file_time_to_roll: 0
2023/06/05-04:57:33.147089 7f9c4f9fc640                       Options.keep_log_file_num: 1000
2023/06/05-04:57:33.147090 7f9c4f9fc640                    Options.recycle_log_file_num: 0
2023/06/05-04:57:33.147091 7f9c4f9fc640                         Options.allow_fallocate: 1
2023/06/05-04:57:33.147092 7f9c4f9fc640                        Options.allow_mmap_reads: 0
2023/06/05-04:57:33.147093 7f9c4f9fc640                       Options.allow_mmap_writes: 0
2023/06/05-04:57:33.147094 7f9c4f9fc640                        Options.use_direct_reads: 0
2023/06/05-04:57:33.147095 7f9c4f9fc640                        Options.use_direct_io_for_flush_and_compaction: 0
2023/06/05-04:57:33.147096 7f9c4f9fc640          Options.create_missing_column_families: 0
2023/06/05-04:57:33.147097 7f9c4f9fc640                              Options.db_log_dir: 
2023/06/05-04:57:33.147098 7f9c4f9fc640                                 Options.wal_dir: 95784ded57124cb1b24d8f4d04c6e13e.vector/2/vector_storage
2023/06/05-04:57:33.147099 7f9c4f9fc640                Options.table_cache_numshardbits: 6
2023/06/05-04:57:33.147100 7f9c4f9fc640                         Options.WAL_ttl_seconds: 0
2023/06/05-04:57:33.147101 7f9c4f9fc640                       Options.WAL_size_limit_MB: 0
2023/06/05-04:57:33.147102 7f9c4f9fc640                        Options.max_write_batch_group_size_bytes: 1048576
2023/06/05-04:57:33.147103 7f9c4f9fc640             Options.manifest_preallocation_size: 4194304
2023/06/05-04:57:33.147104 7f9c4f9fc640                     Options.is_fd_close_on_exec: 1
2023/06/05-04:57:33.147105 7f9c4f9fc640                   Options.advise_random_on_open: 1
2023/06/05-04:57:33.147106 7f9c4f9fc640                    Options.db_write_buffer_size: 0
2023/06/05-04:57:33.147107 7f9c4f9fc640                    Options.write_buffer_manager: 0x7f9c3801a7d0
2023/06/05-04:57:33.147108 7f9c4f9fc640         Options.access_hint_on_compaction_start: 1
2023/06/05-04:57:33.147109 7f9c4f9fc640  Options.new_table_reader_for_compaction_inputs: 0
2023/06/05-04:57:33.147110 7f9c4f9fc640           Options.random_access_max_buffer_size: 1048576
2023/06/05-04:57:33.147111 7f9c4f9fc640                      Options.use_adaptive_mutex: 0
2023/06/05-04:57:33.147112 7f9c4f9fc640                            Options.rate_limiter: (nil)
2023/06/05-04:57:33.147124 7f9c4f9fc640     Options.sst_file_manager.rate_bytes_per_sec: 0
2023/06/05-04:57:33.147125 7f9c4f9fc640                       Options.wal_recovery_mode: 2
2023/06/05-04:57:33.147125 7f9c4f9fc640                  Options.enable_thread_tracking: 0
2023/06/05-04:57:33.147126 7f9c4f9fc640                  Options.enable_pipelined_write: 0
2023/06/05-04:57:33.147126 7f9c4f9fc640                  Options.unordered_write: 0
2023/06/05-04:57:33.147127 7f9c4f9fc640         Options.allow_concurrent_memtable_write: 1
2023/06/05-04:57:33.147128 7f9c4f9fc640      Options.enable_write_thread_adaptive_yield: 1
2023/06/05-04:57:33.147128 7f9c4f9fc640             Options.write_thread_max_yield_usec: 100
2023/06/05-04:57:33.147129 7f9c4f9fc640            Options.write_thread_slow_yield_usec: 3
2023/06/05-04:57:33.147130 7f9c4f9fc640                               Options.row_cache: None
2023/06/05-04:57:33.147130 7f9c4f9fc640                              Options.wal_filter: None
2023/06/05-04:57:33.147131 7f9c4f9fc640             Options.avoid_flush_during_recovery: 0
2023/06/05-04:57:33.147131 7f9c4f9fc640             Options.allow_ingest_behind: 0
2023/06/05-04:57:33.147132 7f9c4f9fc640             Options.preserve_deletes: 0
2023/06/05-04:57:33.147133 7f9c4f9fc640             Options.two_write_queues: 0
2023/06/05-04:57:33.147133 7f9c4f9fc640             Options.manual_wal_flush: 0
2023/06/05-04:57:33.147134 7f9c4f9fc640             Options.atomic_flush: 0
2023/06/05-04:57:33.147134 7f9c4f9fc640             Options.avoid_unnecessary_blocking_io: 0
2023/06/05-04:57:33.147135 7f9c4f9fc640                 Options.persist_stats_to_disk: 0
2023/06/05-04:57:33.147135 7f9c4f9fc640                 Options.write_dbid_to_manifest: 0
2023/06/05-04:57:33.147136 7f9c4f9fc640                 Options.log_readahead_size: 0
2023/06/05-04:57:33.147136 7f9c4f9fc640                 Options.file_checksum_gen_factory: Unknown
2023/06/05-04:57:33.147137 7f9c4f9fc640                 Options.best_efforts_recovery: 0
2023/06/05-04:57:33.147137 7f9c4f9fc640                Options.max_bgerror_resume_count: 2147483647
2023/06/05-04:57:33.147138 7f9c4f9fc640            Options.bgerror_resume_retry_interval: 1000000
2023/06/05-04:57:33.147139 7f9c4f9fc640             Options.allow_data_in_errors: 0
2023/06/05-04:57:33.147139 7f9c4f9fc640             Options.db_host_id: __hostname__
2023/06/05-04:57:33.147140 7f9c4f9fc640             Options.max_background_jobs: 2
2023/06/05-04:57:33.147140 7f9c4f9fc640             Options.max_background_compactions: -1
2023/06/05-04:57:33.147141 7f9c4f9fc640             Options.max_subcompactions: 1
2023/06/05-04:57:33.147142 7f9c4f9fc640             Options.avoid_flush_during_shutdown: 0
2023/06/05-04:57:33.147142 7f9c4f9fc640           Options.writable_file_max_buffer_size: 1048576
2023/06/05-04:57:33.147143 7f9c4f9fc640             Options.delayed_write_rate : 16777216
2023/06/05-04:57:33.147143 7f9c4f9fc640             Options.max_total_wal_size: 0
2023/06/05-04:57:33.147144 7f9c4f9fc640             Options.delete_obsolete_files_period_micros: 21600000000
2023/06/05-04:57:33.147144 7f9c4f9fc640                   Options.stats_dump_period_sec: 600
2023/06/05-04:57:33.147145 7f9c4f9fc640                 Options.stats_persist_period_sec: 600
2023/06/05-04:57:33.147145 7f9c4f9fc640                 Options.stats_history_buffer_size: 1048576
2023/06/05-04:57:33.147146 7f9c4f9fc640                          Options.max_open_files: -1
2023/06/05-04:57:33.147147 7f9c4f9fc640                          Options.bytes_per_sync: 0
2023/06/05-04:57:33.147147 7f9c4f9fc640                      Options.wal_bytes_per_sync: 0
2023/06/05-04:57:33.147148 7f9c4f9fc640                   Options.strict_bytes_per_sync: 0
2023/06/05-04:57:33.147148 7f9c4f9fc640       Options.compaction_readahead_size: 0
2023/06/05-04:57:33.147149 7f9c4f9fc640                  Options.max_background_flushes: -1
2023/06/05-04:57:33.147149 7f9c4f9fc640 Compression algorithms supported:
2023/06/05-04:57:33.147150 7f9c4f9fc640 	kZSTD supported: 0
2023/06/05-04:57:33.147173 7f9c4f9fc640 	kXpressCompression supported: 0
2023/06/05-04:57:33.147174 7f9c4f9fc640 	kBZip2Compression supported: 0
2023/06/05-04:57:33.147175 7f9c4f9fc640 	kZSTDNotFinalCompression supported: 0
2023/06/05-04:57:33.147175 7f9c4f9fc640 	kLZ4Compression supported: 0
2023/06/05-04:57:33.147176 7f9c4f9fc640 	kZlibCompression supported: 0
2023/06/05-04:57:33.147176 7f9c4f9fc640 	kLZ4HCCompression supported: 0
2023/06/05-04:57:33.147177 7f9c4f9fc640 	kSnappyCompression supported: 1
2023/06/05-04:57:33.147179 7f9c4f9fc640 Fast CRC32 supported: Not supported on x86
2023/06/05-04:57:33.150069 7f9c4f9fc640 [db/db_impl/db_impl_open.cc:285] Creating manifest 1 
2023/06/05-04:57:33.155143 7f9c4f9fc640 [db/version_set.cc:4626] Recovering from manifest file: 95784ded57124cb1b24d8f4d04c6e13e.vector/2/vector_storage/MANIFEST-000001
2023/06/05-04:57:33.155321 7f9c4f9fc640 [db/column_family.cc:596] --------------- Options for column family [default]:
2023/06/05-04:57:33.155325 7f9c4f9fc640               Options.comparator: leveldb.BytewiseComparator
2023/06/05-04:57:33.155326 7f9c4f9fc640           Options.merge_operator: None
2023/06/05-04:57:33.155327 7f9c4f9fc640        Options.compaction_filter: None
2023/06/05-04:57:33.155327 7f9c4f9fc640        Options.compaction_filter_factory: None
2023/06/05-04:57:33.155328 7f9c4f9fc640  Options.sst_partitioner_factory: None
2023/06/05-04:57:33.155328 7f9c4f9fc640         Options.memtable_factory: SkipListFactory
2023/06/05-04:57:33.155329 7f9c4f9fc640            Options.table_factory: BlockBasedTable
2023/06/05-04:57:33.155344 7f9c4f9fc640            table_factory options:   flush_block_policy_factory: FlushBlockBySizePolicyFactory (0x7f9c3801a3f0)
  cache_index_and_filter_blocks: 0
  cache_index_and_filter_blocks_with_high_priority: 1
  pin_l0_filter_and_index_blocks_in_cache: 0
  pin_top_level_index_and_filter: 1
  index_type: 0
  data_block_index_type: 0
  index_shortening: 1
  data_block_hash_table_util_ratio: 0.750000
  hash_index_allow_collision: 1
  checksum: 1
  no_block_cache: 0
  block_cache: 0x7f9c38013240
  block_cache_name: LRUCache
  block_cache_options:
    capacity : 8388608
    num_shard_bits : 4
    strict_capacity_limit : 0
    memory_allocator : None
    high_pri_pool_ratio: 0.000
  block_cache_compressed: (nil)
  persistent_cache: (nil)
  block_size: 4096
  block_size_deviation: 10
  block_restart_interval: 16
  index_block_restart_interval: 1
  metadata_block_size: 4096
  partition_filters: 0
  use_delta_encoding: 1
  filter_policy: nullptr
  whole_key_filtering: 1
  verify_compression: 0
  read_amp_bytes_per_bit: 0
  format_version: 5
  enable_index_compression: 1
  block_align: 0
2023/06/05-04:57:33.155345 7f9c4f9fc640        Options.write_buffer_size: 10485760
2023/06/05-04:57:33.155346 7f9c4f9fc640  Options.max_write_buffer_number: 2
2023/06/05-04:57:33.155347 7f9c4f9fc640          Options.compression: Snappy
2023/06/05-04:57:33.155348 7f9c4f9fc640                  Options.bottommost_compression: Disabled
2023/06/05-04:57:33.155348 7f9c4f9fc640       Options.prefix_extractor: nullptr
2023/06/05-04:57:33.155349 7f9c4f9fc640   Options.memtable_insert_with_hint_prefix_extractor: nullptr
2023/06/05-04:57:33.155350 7f9c4f9fc640             Options.num_levels: 7
2023/06/05-04:57:33.155350 7f9c4f9fc640        Options.min_write_buffer_number_to_merge: 1
2023/06/05-04:57:33.155351 7f9c4f9fc640     Options.max_write_buffer_number_to_maintain: 0
2023/06/05-04:57:33.155351 7f9c4f9fc640     Options.max_write_buffer_size_to_maintain: 0
2023/06/05-04:57:33.155352 7f9c4f9fc640            Options.bottommost_compression_opts.window_bits: -14
2023/06/05-04:57:33.155352 7f9c4f9fc640                  Options.bottommost_compression_opts.level: 32767
2023/06/05-04:57:33.155353 7f9c4f9fc640               Options.bottommost_compression_opts.strategy: 0
2023/06/05-04:57:33.155354 7f9c4f9fc640         Options.bottommost_compression_opts.max_dict_bytes: 0
2023/06/05-04:57:33.155354 7f9c4f9fc640         Options.bottommost_compression_opts.zstd_max_train_bytes: 0
2023/06/05-04:57:33.155366 7f9c4f9fc640         Options.bottommost_compression_opts.parallel_threads: 1
2023/06/05-04:57:33.155367 7f9c4f9fc640                  Options.bottommost_compression_opts.enabled: false
2023/06/05-04:57:33.155368 7f9c4f9fc640         Options.bottommost_compression_opts.max_dict_buffer_bytes: 0
2023/06/05-04:57:33.155368 7f9c4f9fc640            Options.compression_opts.window_bits: -14
2023/06/05-04:57:33.155369 7f9c4f9fc640                  Options.compression_opts.level: 32767
2023/06/05-04:57:33.155370 7f9c4f9fc640               Options.compression_opts.strategy: 0
2023/06/05-04:57:33.155370 7f9c4f9fc640         Options.compression_opts.max_dict_bytes: 0
2023/06/05-04:57:33.155371 7f9c4f9fc640         Options.compression_opts.zstd_max_train_bytes: 0
2023/06/05-04:57:33.155371 7f9c4f9fc640         Options.compression_opts.parallel_threads: 1
2023/06/05-04:57:33.155372 7f9c4f9fc640                  Options.compression_opts.enabled: false
2023/06/05-04:57:33.155372 7f9c4f9fc640         Options.compression_opts.max_dict_buffer_bytes: 0
2023/06/05-04:57:33.155373 7f9c4f9fc640      Options.level0_file_num_compaction_trigger: 4
2023/06/05-04:57:33.155374 7f9c4f9fc640          Options.level0_slowdown_writes_trigger: 20
2023/06/05-04:57:33.155374 7f9c4f9fc640              Options.level0_stop_writes_trigger: 36
2023/06/05-04:57:33.155375 7f9c4f9fc640                   Options.target_file_size_base: 67108864
2023/06/05-04:57:33.155375 7f9c4f9fc640             Options.target_file_size_multiplier: 1
2023/06/05-04:57:33.155376 7f9c4f9fc640                Options.max_bytes_for_level_base: 268435456
2023/06/05-04:57:33.155376 7f9c4f9fc640 Options.level_compaction_dynamic_level_bytes: 0
2023/06/05-04:57:33.155377 7f9c4f9fc640          Options.max_bytes_for_level_multiplier: 10.000000
2023/06/05-04:57:33.155379 7f9c4f9fc640 Options.max_bytes_for_level_multiplier_addtl[0]: 1
2023/06/05-04:57:33.155379 7f9c4f9fc640 Options.max_bytes_for_level_multiplier_addtl[1]: 1
2023/06/05-04:57:33.155380 7f9c4f9fc640 Options.max_bytes_for_level_multiplier_addtl[2]: 1
2023/06/05-04:57:33.155380 7f9c4f9fc640 Options.max_bytes_for_level_multiplier_addtl[3]: 1
2023/06/05-04:57:33.155381 7f9c4f9fc640 Options.max_bytes_for_level_multiplier_addtl[4]: 1
2023/06/05-04:57:33.155382 7f9c4f9fc640 Options.max_bytes_for_level_multiplier_addtl[5]: 1
2023/06/05-04:57:33.155382 7f9c4f9fc640 Options.max_bytes_for_level_multiplier_addtl[6]: 1
2023/06/05-04:57:33.155383 7f9c4f9fc640       Options.max_sequential_skip_in_iterations: 8
2023/06/05-04:57:33.155383 7f9c4f9fc640                    Options.max_compaction_bytes: 1677721600
2023/06/05-04:57:33.155384 7f9c4f9fc640                        Options.arena_block_size: 1310720
2023/06/05-04:57:33.155384 7f9c4f9fc640   Options.soft_pending_compaction_bytes_limit: 68719476736
2023/06/05-04:57:33.155385 7f9c4f9fc640   Options.hard_pending_compaction_bytes_limit: 274877906944
2023/06/05-04:57:33.155386 7f9c4f9fc640       Options.rate_limit_delay_max_milliseconds: 100
2023/06/05-04:57:33.155386 7f9c4f9fc640                Options.disable_auto_compactions: 0
2023/06/05-04:57:33.155388 7f9c4f9fc640                        Options.compaction_style: kCompactionStyleLevel
2023/06/05-04:57:33.155389 7f9c4f9fc640                          Options.compaction_pri: kMinOverlappingRatio
2023/06/05-04:57:33.155389 7f9c4f9fc640 Options.compaction_options_universal.size_ratio: 1
2023/06/05-04:57:33.155390 7f9c4f9fc640 Options.compaction_options_universal.min_merge_width: 2
2023/06/05-04:57:33.155390 7f9c4f9fc640 Options.compaction_options_universal.max_merge_width: 4294967295
2023/06/05-04:57:33.155391 7f9c4f9fc640 Options.compaction_options_universal.max_size_amplification_percent: 200
2023/06/05-04:57:33.155392 7f9c4f9fc640 Options.compaction_options_universal.compression_size_percent: -1
2023/06/05-04:57:33.155393 7f9c4f9fc640 Options.compaction_options_universal.stop_style: kCompactionStopStyleTotalSize
2023/06/05-04:57:33.155393 7f9c4f9fc640 Options.compaction_options_fifo.max_table_files_size: 1073741824
2023/06/05-04:57:33.155397 7f9c4f9fc640 Options.compaction_options_fifo.allow_compaction: 0
2023/06/05-04:57:33.155400 7f9c4f9fc640                   Options.table_properties_collectors: 
2023/06/05-04:57:33.155401 7f9c4f9fc640                   Options.inplace_update_support: 0
2023/06/05-04:57:33.155402 7f9c4f9fc640                 Options.inplace_update_num_locks: 10000
2023/06/05-04:57:33.155402 7f9c4f9fc640               Options.memtable_prefix_bloom_size_ratio: 0.000000
2023/06/05-04:57:33.155403 7f9c4f9fc640               Options.memtable_whole_key_filtering: 0
2023/06/05-04:57:33.155404 7f9c4f9fc640   Options.memtable_huge_page_size: 0
2023/06/05-04:57:33.155404 7f9c4f9fc640                           Options.bloom_locality: 0
2023/06/05-04:57:33.155405 7f9c4f9fc640                    Options.max_successive_merges: 0
2023/06/05-04:57:33.155405 7f9c4f9fc640                Options.optimize_filters_for_hits: 0
2023/06/05-04:57:33.155406 7f9c4f9fc640                Options.paranoid_file_checks: 0
2023/06/05-04:57:33.155406 7f9c4f9fc640                Options.force_consistency_checks: 1
2023/06/05-04:57:33.155407 7f9c4f9fc640                Options.report_bg_io_stats: 0
2023/06/05-04:57:33.155407 7f9c4f9fc640                               Options.ttl: 2592000
2023/06/05-04:57:33.155408 7f9c4f9fc640          Options.periodic_compaction_seconds: 0
2023/06/05-04:57:33.155409 7f9c4f9fc640                    Options.enable_blob_files: false
2023/06/05-04:57:33.155409 7f9c4f9fc640                        Options.min_blob_size: 0
2023/06/05-04:57:33.155410 7f9c4f9fc640                       Options.blob_file_size: 268435456
2023/06/05-04:57:33.155410 7f9c4f9fc640                Options.blob_compression_type: NoCompression
2023/06/05-04:57:33.155411 7f9c4f9fc640       Options.enable_blob_garbage_collection: false
2023/06/05-04:57:33.155412 7f9c4f9fc640   Options.blob_garbage_collection_age_cutoff: 0.250000
2023/06/05-04:57:33.158439 7f9c4f9fc640 [db/version_set.cc:4666] Recovered from manifest file:95784ded57124cb1b24d8f4d04c6e13e.vector/2/vector_storage/MANIFEST-000001 succeeded,manifest_file_number is 1, next_file_number is 3, last_sequence is 0, log_number is 0,prev_log_number is 0,max_column_family is 0,min_log_number_to_keep is 0
2023/06/05-04:57:33.158444 7f9c4f9fc640 [db/version_set.cc:4681] Column family [default] (ID 0), log number is 0
2023/06/05-04:57:33.158552 7f9c4f9fc640 [db/version_set.cc:4118] Creating manifest 4
2023/06/05-04:57:33.198124 7f9c4f9fc640 [db/db_impl/db_impl_open.cc:1756] SstFileManager instance 0x7f9c38112a90
2023/06/05-04:57:33.198149 7f9c4f9fc640 DB pointer 0x7f9c38114c70
2023/06/05-04:57:33.210472 7f9c4f9fc640 [db/db_impl/db_impl.cc:462] Shutdown: canceling all background work
2023/06/05-04:57:33.211249 7f9c4f9fc640 [db/db_impl/db_impl.cc:642] Shutdown complete
