2023/06/05-05:36:49.926129 7fa06945e640 RocksDB version: 6.20.3
2023/06/05-05:36:49.926145 7fa06945e640 Git sha 8608d75d85f8e1b3b64b73a4fb6d19baec61ba5c
2023/06/05-05:36:49.926147 7fa06945e640 Compile date 2021-05-05 20:35:30
2023/06/05-05:36:49.926182 7fa06945e640 DB SUMMARY
2023/06/05-05:36:49.926184 7fa06945e640 DB Session ID:  I9SHN8HEBF0LBRQ6LDLK
2023/06/05-05:36:49.926197 7fa06945e640 SST files in f2c850bd8f4044569ae512cdf859dbe8.vector/2/vector_storage dir, Total Num: 0, files: 
2023/06/05-05:36:49.926198 7fa06945e640 Write Ahead Log file in f2c850bd8f4044569ae512cdf859dbe8.vector/2/vector_storage: 
2023/06/05-05:36:49.926199 7fa06945e640                         Options.error_if_exists: 0
2023/06/05-05:36:49.926200 7fa06945e640                       Options.create_if_missing: 1
2023/06/05-05:36:49.926201 7fa06945e640                         Options.paranoid_checks: 1
2023/06/05-05:36:49.926201 7fa06945e640                               Options.track_and_verify_wals_in_manifest: 0
2023/06/05-05:36:49.926202 7fa06945e640                                     Options.env: 0x55aae6cf2c80
2023/06/05-05:36:49.926203 7fa06945e640                                      Options.fs: Posix File System
2023/06/05-05:36:49.926203 7fa06945e640                                Options.info_log: 0x7fa04c0848a0
2023/06/05-05:36:49.926204 7fa06945e640                Options.max_file_opening_threads: 16
2023/06/05-05:36:49.926205 7fa06945e640                              Options.statistics: (nil)
2023/06/05-05:36:49.926205 7fa06945e640                               Options.use_fsync: 0
2023/06/05-05:36:49.926206 7fa06945e640                       Options.max_log_file_size: 0
2023/06/05-05:36:49.926206 7fa06945e640                  Options.max_manifest_file_size: 1073741824
2023/06/05-05:36:49.926207 7fa06945e640                   Options.log_file_time_to_roll: 0
2023/06/05-05:36:49.926207 7fa06945e640                       Options.keep_log_file_num: 1000
2023/06/05-05:36:49.926208 7fa06945e640                    Options.recycle_log_file_num: 0
2023/06/05-05:36:49.926208 7fa06945e640                         Options.allow_fallocate: 1
2023/06/05-05:36:49.926209 7fa06945e640                        Options.allow_mmap_reads: 0
2023/06/05-05:36:49.926209 7fa06945e640                       Options.allow_mmap_writes: 0
2023/06/05-05:36:49.926210 7fa06945e640                        Options.use_direct_reads: 0
2023/06/05-05:36:49.926210 7fa06945e640                        Options.use_direct_io_for_flush_and_compaction: 0
2023/06/05-05:36:49.926211 7fa06945e640          Options.create_missing_column_families: 0
2023/06/05-05:36:49.926212 7fa06945e640                              Options.db_log_dir: 
2023/06/05-05:36:49.926212 7fa06945e640                                 Options.wal_dir: f2c850bd8f4044569ae512cdf859dbe8.vector/2/vector_storage
2023/06/05-05:36:49.926213 7fa06945e640                Options.table_cache_numshardbits: 6
2023/06/05-05:36:49.926213 7fa06945e640                         Options.WAL_ttl_seconds: 0
2023/06/05-05:36:49.926214 7fa06945e640                       Options.WAL_size_limit_MB: 0
2023/06/05-05:36:49.926214 7fa06945e640                        Options.max_write_batch_group_size_bytes: 1048576
2023/06/05-05:36:49.926215 7fa06945e640             Options.manifest_preallocation_size: 4194304
2023/06/05-05:36:49.926215 7fa06945e640                     Options.is_fd_close_on_exec: 1
2023/06/05-05:36:49.926216 7fa06945e640                   Options.advise_random_on_open: 1
2023/06/05-05:36:49.926216 7fa06945e640                    Options.db_write_buffer_size: 0
2023/06/05-05:36:49.926217 7fa06945e640                    Options.write_buffer_manager: 0x7fa04c073fd0
2023/06/05-05:36:49.926217 7fa06945e640         Options.access_hint_on_compaction_start: 1
2023/06/05-05:36:49.926218 7fa06945e640  Options.new_table_reader_for_compaction_inputs: 0
2023/06/05-05:36:49.926218 7fa06945e640           Options.random_access_max_buffer_size: 1048576
2023/06/05-05:36:49.926219 7fa06945e640                      Options.use_adaptive_mutex: 0
2023/06/05-05:36:49.926219 7fa06945e640                            Options.rate_limiter: (nil)
2023/06/05-05:36:49.926227 7fa06945e640     Options.sst_file_manager.rate_bytes_per_sec: 0
2023/06/05-05:36:49.926227 7fa06945e640                       Options.wal_recovery_mode: 2
2023/06/05-05:36:49.926228 7fa06945e640                  Options.enable_thread_tracking: 0
2023/06/05-05:36:49.926228 7fa06945e640                  Options.enable_pipelined_write: 0
2023/06/05-05:36:49.926229 7fa06945e640                  Options.unordered_write: 0
2023/06/05-05:36:49.926229 7fa06945e640         Options.allow_concurrent_memtable_write: 1
2023/06/05-05:36:49.926230 7fa06945e640      Options.enable_write_thread_adaptive_yield: 1
2023/06/05-05:36:49.926230 7fa06945e640             Options.write_thread_max_yield_usec: 100
2023/06/05-05:36:49.926231 7fa06945e640            Options.write_thread_slow_yield_usec: 3
2023/06/05-05:36:49.926232 7fa06945e640                               Options.row_cache: None
2023/06/05-05:36:49.926232 7fa06945e640                              Options.wal_filter: None
2023/06/05-05:36:49.926233 7fa06945e640             Options.avoid_flush_during_recovery: 0
2023/06/05-05:36:49.926233 7fa06945e640             Options.allow_ingest_behind: 0
2023/06/05-05:36:49.926234 7fa06945e640             Options.preserve_deletes: 0
2023/06/05-05:36:49.926234 7fa06945e640             Options.two_write_queues: 0
2023/06/05-05:36:49.926235 7fa06945e640             Options.manual_wal_flush: 0
2023/06/05-05:36:49.926235 7fa06945e640             Options.atomic_flush: 0
2023/06/05-05:36:49.926236 7fa06945e640             Options.avoid_unnecessary_blocking_io: 0
2023/06/05-05:36:49.926236 7fa06945e640                 Options.persist_stats_to_disk: 0
2023/06/05-05:36:49.926237 7fa06945e640                 Options.write_dbid_to_manifest: 0
2023/06/05-05:36:49.926237 7fa06945e640                 Options.log_readahead_size: 0
2023/06/05-05:36:49.926238 7fa06945e640                 Options.file_checksum_gen_factory: Unknown
2023/06/05-05:36:49.926238 7fa06945e640                 Options.best_efforts_recovery: 0
2023/06/05-05:36:49.926239 7fa06945e640                Options.max_bgerror_resume_count: 2147483647
2023/06/05-05:36:49.926239 7fa06945e640            Options.bgerror_resume_retry_interval: 1000000
2023/06/05-05:36:49.926240 7fa06945e640             Options.allow_data_in_errors: 0
2023/06/05-05:36:49.926240 7fa06945e640             Options.db_host_id: __hostname__
2023/06/05-05:36:49.926241 7fa06945e640             Options.max_background_jobs: 2
2023/06/05-05:36:49.926242 7fa06945e640             Options.max_background_compactions: -1
2023/06/05-05:36:49.926242 7fa06945e640             Options.max_subcompactions: 1
2023/06/05-05:36:49.926243 7fa06945e640             Options.avoid_flush_during_shutdown: 0
2023/06/05-05:36:49.926243 7fa06945e640           Options.writable_file_max_buffer_size: 1048576
2023/06/05-05:36:49.926244 7fa06945e640             Options.delayed_write_rate : 16777216
2023/06/05-05:36:49.926244 7fa06945e640             Options.max_total_wal_size: 0
2023/06/05-05:36:49.926245 7fa06945e640             Options.delete_obsolete_files_period_micros: 21600000000
2023/06/05-05:36:49.926245 7fa06945e640                   Options.stats_dump_period_sec: 600
2023/06/05-05:36:49.926246 7fa06945e640                 Options.stats_persist_period_sec: 600
2023/06/05-05:36:49.926246 7fa06945e640                 Options.stats_history_buffer_size: 1048576
2023/06/05-05:36:49.926247 7fa06945e640                          Options.max_open_files: -1
2023/06/05-05:36:49.926248 7fa06945e640                          Options.bytes_per_sync: 0
2023/06/05-05:36:49.926248 7fa06945e640                      Options.wal_bytes_per_sync: 0
2023/06/05-05:36:49.926249 7fa06945e640                   Options.strict_bytes_per_sync: 0
2023/06/05-05:36:49.926249 7fa06945e640       Options.compaction_readahead_size: 0
2023/06/05-05:36:49.926250 7fa06945e640                  Options.max_background_flushes: -1
2023/06/05-05:36:49.926250 7fa06945e640 Compression algorithms supported:
2023/06/05-05:36:49.926251 7fa06945e640 	kZSTD supported: 0
2023/06/05-05:36:49.926255 7fa06945e640 	kXpressCompression supported: 0
2023/06/05-05:36:49.926256 7fa06945e640 	kBZip2Compression supported: 0
2023/06/05-05:36:49.926256 7fa06945e640 	kZSTDNotFinalCompression supported: 0
2023/06/05-05:36:49.926257 7fa06945e640 	kLZ4Compression supported: 0
2023/06/05-05:36:49.926258 7fa06945e640 	kZlibCompression supported: 0
2023/06/05-05:36:49.926258 7fa06945e640 	kLZ4HCCompression supported: 0
2023/06/05-05:36:49.926259 7fa06945e640 	kSnappyCompression supported: 1
2023/06/05-05:36:49.926260 7fa06945e640 Fast CRC32 supported: Not supported on x86
2023/06/05-05:36:49.929053 7fa06945e640 [db/db_impl/db_impl_open.cc:285] Creating manifest 1 
2023/06/05-05:36:49.935224 7fa06945e640 [db/version_set.cc:4626] Recovering from manifest file: f2c850bd8f4044569ae512cdf859dbe8.vector/2/vector_storage/MANIFEST-000001
2023/06/05-05:36:49.935360 7fa06945e640 [db/column_family.cc:596] --------------- Options for column family [default]:
2023/06/05-05:36:49.935363 7fa06945e640               Options.comparator: leveldb.BytewiseComparator
2023/06/05-05:36:49.935364 7fa06945e640           Options.merge_operator: None
2023/06/05-05:36:49.935365 7fa06945e640        Options.compaction_filter: None
2023/06/05-05:36:49.935366 7fa06945e640        Options.compaction_filter_factory: None
2023/06/05-05:36:49.935366 7fa06945e640  Options.sst_partitioner_factory: None
2023/06/05-05:36:49.935367 7fa06945e640         Options.memtable_factory: SkipListFactory
2023/06/05-05:36:49.935368 7fa06945e640            Options.table_factory: BlockBasedTable
2023/06/05-05:36:49.935384 7fa06945e640            table_factory options:   flush_block_policy_factory: FlushBlockBySizePolicyFactory (0x7fa04c0193c0)
  cache_index_and_filter_blocks: 0
  cache_index_and_filter_blocks_with_high_priority: 1
  pin_l0_filter_and_index_blocks_in_cache: 0
  pin_top_level_index_and_filter: 1
  index_type: 0
  data_block_index_type: 0
  index_shortening: 1
  data_block_hash_table_util_ratio: 0.750000
  hash_index_allow_collision: 1
  checksum: 1
  no_block_cache: 0
  block_cache: 0x7fa04c070ac0
  block_cache_name: LRUCache
  block_cache_options:
    capacity : 8388608
    num_shard_bits : 4
    strict_capacity_limit : 0
    memory_allocator : None
    high_pri_pool_ratio: 0.000
  block_cache_compressed: (nil)
  persistent_cache: (nil)
  block_size: 4096
  block_size_deviation: 10
  block_restart_interval: 16
  index_block_restart_interval: 1
  metadata_block_size: 4096
  partition_filters: 0
  use_delta_encoding: 1
  filter_policy: nullptr
  whole_key_filtering: 1
  verify_compression: 0
  read_amp_bytes_per_bit: 0
  format_version: 5
  enable_index_compression: 1
  block_align: 0
2023/06/05-05:36:49.935385 7fa06945e640        Options.write_buffer_size: 10485760
2023/06/05-05:36:49.935385 7fa06945e640  Options.max_write_buffer_number: 2
2023/06/05-05:36:49.935386 7fa06945e640          Options.compression: Snappy
2023/06/05-05:36:49.935387 7fa06945e640                  Options.bottommost_compression: Disabled
2023/06/05-05:36:49.935388 7fa06945e640       Options.prefix_extractor: nullptr
2023/06/05-05:36:49.935388 7fa06945e640   Options.memtable_insert_with_hint_prefix_extractor: nullptr
2023/06/05-05:36:49.935389 7fa06945e640             Options.num_levels: 7
2023/06/05-05:36:49.935389 7fa06945e640        Options.min_write_buffer_number_to_merge: 1
2023/06/05-05:36:49.935390 7fa06945e640     Options.max_write_buffer_number_to_maintain: 0
2023/06/05-05:36:49.935390 7fa06945e640     Options.max_write_buffer_size_to_maintain: 0
2023/06/05-05:36:49.935391 7fa06945e640            Options.bottommost_compression_opts.window_bits: -14
2023/06/05-05:36:49.935392 7fa06945e640                  Options.bottommost_compression_opts.level: 32767
2023/06/05-05:36:49.935392 7fa06945e640               Options.bottommost_compression_opts.strategy: 0
2023/06/05-05:36:49.935393 7fa06945e640         Options.bottommost_compression_opts.max_dict_bytes: 0
2023/06/05-05:36:49.935393 7fa06945e640         Options.bottommost_compression_opts.zstd_max_train_bytes: 0
2023/06/05-05:36:49.935406 7fa06945e640         Options.bottommost_compression_opts.parallel_threads: 1
2023/06/05-05:36:49.935406 7fa06945e640                  Options.bottommost_compression_opts.enabled: false
2023/06/05-05:36:49.935407 7fa06945e640         Options.bottommost_compression_opts.max_dict_buffer_bytes: 0
2023/06/05-05:36:49.935407 7fa06945e640            Options.compression_opts.window_bits: -14
2023/06/05-05:36:49.935408 7fa06945e640                  Options.compression_opts.level: 32767
2023/06/05-05:36:49.935409 7fa06945e640               Options.compression_opts.strategy: 0
2023/06/05-05:36:49.935409 7fa06945e640         Options.compression_opts.max_dict_bytes: 0
2023/06/05-05:36:49.935410 7fa06945e640         Options.compression_opts.zstd_max_train_bytes: 0
2023/06/05-05:36:49.935410 7fa06945e640         Options.compression_opts.parallel_threads: 1
2023/06/05-05:36:49.935411 7fa06945e640                  Options.compression_opts.enabled: false
2023/06/05-05:36:49.935411 7fa06945e640         Options.compression_opts.max_dict_buffer_bytes: 0
2023/06/05-05:36:49.935412 7fa06945e640      Options.level0_file_num_compaction_trigger: 4
2023/06/05-05:36:49.935412 7fa06945e640          Options.level0_slowdown_writes_trigger: 20
2023/06/05-05:36:49.935413 7fa06945e640              Options.level0_stop_writes_trigger: 36
2023/06/05-05:36:49.935414 7fa06945e640                   Options.target_file_size_base: 67108864
2023/06/05-05:36:49.935414 7fa06945e640             Options.target_file_size_multiplier: 1
2023/06/05-05:36:49.935415 7fa06945e640                Options.max_bytes_for_level_base: 268435456
2023/06/05-05:36:49.935415 7fa06945e640 Options.level_compaction_dynamic_level_bytes: 0
2023/06/05-05:36:49.935416 7fa06945e640          Options.max_bytes_for_level_multiplier: 10.000000
2023/06/05-05:36:49.935417 7fa06945e640 Options.max_bytes_for_level_multiplier_addtl[0]: 1
2023/06/05-05:36:49.935418 7fa06945e640 Options.max_bytes_for_level_multiplier_addtl[1]: 1
2023/06/05-05:36:49.935419 7fa06945e640 Options.max_bytes_for_level_multiplier_addtl[2]: 1
2023/06/05-05:36:49.935419 7fa06945e640 Options.max_bytes_for_level_multiplier_addtl[3]: 1
2023/06/05-05:36:49.935420 7fa06945e640 Options.max_bytes_for_level_multiplier_addtl[4]: 1
2023/06/05-05:36:49.935420 7fa06945e640 Options.max_bytes_for_level_multiplier_addtl[5]: 1
2023/06/05-05:36:49.935421 7fa06945e640 Options.max_bytes_for_level_multiplier_addtl[6]: 1
2023/06/05-05:36:49.935421 7fa06945e640       Options.max_sequential_skip_in_iterations: 8
2023/06/05-05:36:49.935422 7fa06945e640                    Options.max_compaction_bytes: 1677721600
2023/06/05-05:36:49.935423 7fa06945e640                        Options.arena_block_size: 1310720
2023/06/05-05:36:49.935423 7fa06945e640   Options.soft_pending_compaction_bytes_limit: 68719476736
2023/06/05-05:36:49.935424 7fa06945e640   Options.hard_pending_compaction_bytes_limit: 274877906944
2023/06/05-05:36:49.935424 7fa06945e640       Options.rate_limit_delay_max_milliseconds: 100
2023/06/05-05:36:49.935425 7fa06945e640                Options.disable_auto_compactions: 0
2023/06/05-05:36:49.935426 7fa06945e640                        Options.compaction_style: kCompactionStyleLevel
2023/06/05-05:36:49.935427 7fa06945e640                          Options.compaction_pri: kMinOverlappingRatio
2023/06/05-05:36:49.935428 7fa06945e640 Options.compaction_options_universal.size_ratio: 1
2023/06/05-05:36:49.935429 7fa06945e640 Options.compaction_options_universal.min_merge_width: 2
2023/06/05-05:36:49.935429 7fa06945e640 Options.compaction_options_universal.max_merge_width: 4294967295
2023/06/05-05:36:49.935430 7fa06945e640 Options.compaction_options_universal.max_size_amplification_percent: 200
2023/06/05-05:36:49.935430 7fa06945e640 Options.compaction_options_universal.compression_size_percent: -1
2023/06/05-05:36:49.935431 7fa06945e640 Options.compaction_options_universal.stop_style: kCompactionStopStyleTotalSize
2023/06/05-05:36:49.935432 7fa06945e640 Options.compaction_options_fifo.max_table_files_size: 1073741824
2023/06/05-05:36:49.935436 7fa06945e640 Options.compaction_options_fifo.allow_compaction: 0
2023/06/05-05:36:49.935439 7fa06945e640                   Options.table_properties_collectors: 
2023/06/05-05:36:49.935440 7fa06945e640                   Options.inplace_update_support: 0
2023/06/05-05:36:49.935440 7fa06945e640                 Options.inplace_update_num_locks: 10000
2023/06/05-05:36:49.935441 7fa06945e640               Options.memtable_prefix_bloom_size_ratio: 0.000000
2023/06/05-05:36:49.935441 7fa06945e640               Options.memtable_whole_key_filtering: 0
2023/06/05-05:36:49.935442 7fa06945e640   Options.memtable_huge_page_size: 0
2023/06/05-05:36:49.935443 7fa06945e640                           Options.bloom_locality: 0
2023/06/05-05:36:49.935443 7fa06945e640                    Options.max_successive_merges: 0
2023/06/05-05:36:49.935444 7fa06945e640                Options.optimize_filters_for_hits: 0
2023/06/05-05:36:49.935444 7fa06945e640                Options.paranoid_file_checks: 0
2023/06/05-05:36:49.935445 7fa06945e640                Options.force_consistency_checks: 1
2023/06/05-05:36:49.935445 7fa06945e640                Options.report_bg_io_stats: 0
2023/06/05-05:36:49.935446 7fa06945e640                               Options.ttl: 2592000
2023/06/05-05:36:49.935446 7fa06945e640          Options.periodic_compaction_seconds: 0
2023/06/05-05:36:49.935447 7fa06945e640                    Options.enable_blob_files: false
2023/06/05-05:36:49.935448 7fa06945e640                        Options.min_blob_size: 0
2023/06/05-05:36:49.935448 7fa06945e640                       Options.blob_file_size: 268435456
2023/06/05-05:36:49.935449 7fa06945e640                Options.blob_compression_type: NoCompression
2023/06/05-05:36:49.935449 7fa06945e640       Options.enable_blob_garbage_collection: false
2023/06/05-05:36:49.935450 7fa06945e640   Options.blob_garbage_collection_age_cutoff: 0.250000
2023/06/05-05:36:49.937562 7fa06945e640 [db/version_set.cc:4666] Recovered from manifest file:f2c850bd8f4044569ae512cdf859dbe8.vector/2/vector_storage/MANIFEST-000001 succeeded,manifest_file_number is 1, next_file_number is 3, last_sequence is 0, log_number is 0,prev_log_number is 0,max_column_family is 0,min_log_number_to_keep is 0
2023/06/05-05:36:49.937570 7fa06945e640 [db/version_set.cc:4681] Column family [default] (ID 0), log number is 0
2023/06/05-05:36:49.937654 7fa06945e640 [db/version_set.cc:4118] Creating manifest 4
2023/06/05-05:36:49.947420 7fa06945e640 [db/db_impl/db_impl_open.cc:1756] SstFileManager instance 0x7fa04c084ac0
2023/06/05-05:36:49.947437 7fa06945e640 DB pointer 0x7fa04c082020
2023/06/05-05:36:49.955797 7fa06945e640 [db/db_impl/db_impl.cc:462] Shutdown: canceling all background work
2023/06/05-05:36:49.956506 7fa06945e640 [db/db_impl/db_impl.cc:642] Shutdown complete
