2023/06/05-04:57:33.281257 7f9cd4092c40 RocksDB version: 6.20.3
2023/06/05-04:57:33.281273 7f9cd4092c40 Git sha 8608d75d85f8e1b3b64b73a4fb6d19baec61ba5c
2023/06/05-04:57:33.281275 7f9cd4092c40 Compile date 2021-05-05 20:35:30
2023/06/05-04:57:33.281303 7f9cd4092c40 DB SUMMARY
2023/06/05-04:57:33.281304 7f9cd4092c40 DB Session ID:  N25G1YAPWX0K5Q268JV6
2023/06/05-04:57:33.281323 7f9cd4092c40 CURRENT file:  CURRENT
2023/06/05-04:57:33.281324 7f9cd4092c40 IDENTITY file:  IDENTITY
2023/06/05-04:57:33.281327 7f9cd4092c40 MANIFEST file:  MANIFEST-000004 size: 166 Bytes
2023/06/05-04:57:33.281329 7f9cd4092c40 SST files in c4f4294541b4400d86a2247b25c08d27.vector/2/id_tracker dir, Total Num: 0, files: 
2023/06/05-04:57:33.281331 7f9cd4092c40 Write Ahead Log file in c4f4294541b4400d86a2247b25c08d27.vector/2/id_tracker: 000005.log size: 74 ; 
2023/06/05-04:57:33.281332 7f9cd4092c40                         Options.error_if_exists: 0
2023/06/05-04:57:33.281333 7f9cd4092c40                       Options.create_if_missing: 1
2023/06/05-04:57:33.281333 7f9cd4092c40                         Options.paranoid_checks: 1
2023/06/05-04:57:33.281334 7f9cd4092c40                               Options.track_and_verify_wals_in_manifest: 0
2023/06/05-04:57:33.281335 7f9cd4092c40                                     Options.env: 0x55aa4eeb6c80
2023/06/05-04:57:33.281335 7f9cd4092c40                                      Options.fs: Posix File System
2023/06/05-04:57:33.281336 7f9cd4092c40                                Options.info_log: 0x55aa50b440e0
2023/06/05-04:57:33.281336 7f9cd4092c40                Options.max_file_opening_threads: 16
2023/06/05-04:57:33.281337 7f9cd4092c40                              Options.statistics: (nil)
2023/06/05-04:57:33.281338 7f9cd4092c40                               Options.use_fsync: 0
2023/06/05-04:57:33.281338 7f9cd4092c40                       Options.max_log_file_size: 0
2023/06/05-04:57:33.281339 7f9cd4092c40                  Options.max_manifest_file_size: 1073741824
2023/06/05-04:57:33.281339 7f9cd4092c40                   Options.log_file_time_to_roll: 0
2023/06/05-04:57:33.281340 7f9cd4092c40                       Options.keep_log_file_num: 1000
2023/06/05-04:57:33.281341 7f9cd4092c40                    Options.recycle_log_file_num: 0
2023/06/05-04:57:33.281341 7f9cd4092c40                         Options.allow_fallocate: 1
2023/06/05-04:57:33.281342 7f9cd4092c40                        Options.allow_mmap_reads: 0
2023/06/05-04:57:33.281342 7f9cd4092c40                       Options.allow_mmap_writes: 0
2023/06/05-04:57:33.281343 7f9cd4092c40                        Options.use_direct_reads: 0
2023/06/05-04:57:33.281343 7f9cd4092c40                        Options.use_direct_io_for_flush_and_compaction: 0
2023/06/05-04:57:33.281344 7f9cd4092c40          Options.create_missing_column_families: 1
2023/06/05-04:57:33.281344 7f9cd4092c40                              Options.db_log_dir: 
2023/06/05-04:57:33.281345 7f9cd4092c40                                 Options.wal_dir: c4f4294541b4400d86a2247b25c08d27.vector/2/id_tracker
2023/06/05-04:57:33.281345 7f9cd4092c40                Options.table_cache_numshardbits: 6
2023/06/05-04:57:33.281346 7f9cd4092c40                         Options.WAL_ttl_seconds: 0
2023/06/05-04:57:33.281346 7f9cd4092c40                       Options.WAL_size_limit_MB: 0
2023/06/05-04:57:33.281347 7f9cd4092c40                        Options.max_write_batch_group_size_bytes: 1048576
2023/06/05-04:57:33.281347 7f9cd4092c40             Options.manifest_preallocation_size: 4194304
2023/06/05-04:57:33.281348 7f9cd4092c40                     Options.is_fd_close_on_exec: 1
2023/06/05-04:57:33.281349 7f9cd4092c40                   Options.advise_random_on_open: 1
2023/06/05-04:57:33.281349 7f9cd4092c40                    Options.db_write_buffer_size: 0
2023/06/05-04:57:33.281350 7f9cd4092c40                    Options.write_buffer_manager: 0x55aa50ae35d0
2023/06/05-04:57:33.281350 7f9cd4092c40         Options.access_hint_on_compaction_start: 1
2023/06/05-04:57:33.281351 7f9cd4092c40  Options.new_table_reader_for_compaction_inputs: 0
2023/06/05-04:57:33.281351 7f9cd4092c40           Options.random_access_max_buffer_size: 1048576
2023/06/05-04:57:33.281358 7f9cd4092c40                      Options.use_adaptive_mutex: 0
2023/06/05-04:57:33.281359 7f9cd4092c40                            Options.rate_limiter: (nil)
2023/06/05-04:57:33.281359 7f9cd4092c40     Options.sst_file_manager.rate_bytes_per_sec: 0
2023/06/05-04:57:33.281360 7f9cd4092c40                       Options.wal_recovery_mode: 2
2023/06/05-04:57:33.281361 7f9cd4092c40                  Options.enable_thread_tracking: 0
2023/06/05-04:57:33.281361 7f9cd4092c40                  Options.enable_pipelined_write: 0
2023/06/05-04:57:33.281362 7f9cd4092c40                  Options.unordered_write: 0
2023/06/05-04:57:33.281362 7f9cd4092c40         Options.allow_concurrent_memtable_write: 1
2023/06/05-04:57:33.281363 7f9cd4092c40      Options.enable_write_thread_adaptive_yield: 1
2023/06/05-04:57:33.281363 7f9cd4092c40             Options.write_thread_max_yield_usec: 100
2023/06/05-04:57:33.281364 7f9cd4092c40            Options.write_thread_slow_yield_usec: 3
2023/06/05-04:57:33.281364 7f9cd4092c40                               Options.row_cache: None
2023/06/05-04:57:33.281365 7f9cd4092c40                              Options.wal_filter: None
2023/06/05-04:57:33.281365 7f9cd4092c40             Options.avoid_flush_during_recovery: 0
2023/06/05-04:57:33.281366 7f9cd4092c40             Options.allow_ingest_behind: 0
2023/06/05-04:57:33.281366 7f9cd4092c40             Options.preserve_deletes: 0
2023/06/05-04:57:33.281367 7f9cd4092c40             Options.two_write_queues: 0
2023/06/05-04:57:33.281367 7f9cd4092c40             Options.manual_wal_flush: 0
2023/06/05-04:57:33.281368 7f9cd4092c40             Options.atomic_flush: 0
2023/06/05-04:57:33.281368 7f9cd4092c40             Options.avoid_unnecessary_blocking_io: 0
2023/06/05-04:57:33.281369 7f9cd4092c40                 Options.persist_stats_to_disk: 0
2023/06/05-04:57:33.281369 7f9cd4092c40                 Options.write_dbid_to_manifest: 0
2023/06/05-04:57:33.281370 7f9cd4092c40                 Options.log_readahead_size: 0
2023/06/05-04:57:33.281371 7f9cd4092c40                 Options.file_checksum_gen_factory: Unknown
2023/06/05-04:57:33.281371 7f9cd4092c40                 Options.best_efforts_recovery: 0
2023/06/05-04:57:33.281372 7f9cd4092c40                Options.max_bgerror_resume_count: 2147483647
2023/06/05-04:57:33.281372 7f9cd4092c40            Options.bgerror_resume_retry_interval: 1000000
2023/06/05-04:57:33.281373 7f9cd4092c40             Options.allow_data_in_errors: 0
2023/06/05-04:57:33.281373 7f9cd4092c40             Options.db_host_id: __hostname__
2023/06/05-04:57:33.281374 7f9cd4092c40             Options.max_background_jobs: 2
2023/06/05-04:57:33.281374 7f9cd4092c40             Options.max_background_compactions: -1
2023/06/05-04:57:33.281375 7f9cd4092c40             Options.max_subcompactions: 1
2023/06/05-04:57:33.281376 7f9cd4092c40             Options.avoid_flush_during_shutdown: 0
2023/06/05-04:57:33.281376 7f9cd4092c40           Options.writable_file_max_buffer_size: 1048576
2023/06/05-04:57:33.281377 7f9cd4092c40             Options.delayed_write_rate : 16777216
2023/06/05-04:57:33.281377 7f9cd4092c40             Options.max_total_wal_size: 0
2023/06/05-04:57:33.281378 7f9cd4092c40             Options.delete_obsolete_files_period_micros: 21600000000
2023/06/05-04:57:33.281378 7f9cd4092c40                   Options.stats_dump_period_sec: 600
2023/06/05-04:57:33.281379 7f9cd4092c40                 Options.stats_persist_period_sec: 600
2023/06/05-04:57:33.281379 7f9cd4092c40                 Options.stats_history_buffer_size: 1048576
2023/06/05-04:57:33.281380 7f9cd4092c40                          Options.max_open_files: -1
2023/06/05-04:57:33.281381 7f9cd4092c40                          Options.bytes_per_sync: 0
2023/06/05-04:57:33.281381 7f9cd4092c40                      Options.wal_bytes_per_sync: 0
2023/06/05-04:57:33.281382 7f9cd4092c40                   Options.strict_bytes_per_sync: 0
2023/06/05-04:57:33.281382 7f9cd4092c40       Options.compaction_readahead_size: 0
2023/06/05-04:57:33.281386 7f9cd4092c40                  Options.max_background_flushes: -1
2023/06/05-04:57:33.281386 7f9cd4092c40 Compression algorithms supported:
2023/06/05-04:57:33.281387 7f9cd4092c40 	kZSTD supported: 0
2023/06/05-04:57:33.281388 7f9cd4092c40 	kXpressCompression supported: 0
2023/06/05-04:57:33.281389 7f9cd4092c40 	kBZip2Compression supported: 0
2023/06/05-04:57:33.281390 7f9cd4092c40 	kZSTDNotFinalCompression supported: 0
2023/06/05-04:57:33.281390 7f9cd4092c40 	kLZ4Compression supported: 0
2023/06/05-04:57:33.281391 7f9cd4092c40 	kZlibCompression supported: 0
2023/06/05-04:57:33.281391 7f9cd4092c40 	kLZ4HCCompression supported: 0
2023/06/05-04:57:33.281392 7f9cd4092c40 	kSnappyCompression supported: 1
2023/06/05-04:57:33.281393 7f9cd4092c40 Fast CRC32 supported: Not supported on x86
2023/06/05-04:57:33.281441 7f9cd4092c40 [db/version_set.cc:4626] Recovering from manifest file: c4f4294541b4400d86a2247b25c08d27.vector/2/id_tracker/MANIFEST-000004
2023/06/05-04:57:33.281544 7f9cd4092c40 [db/column_family.cc:596] --------------- Options for column family [default]:
2023/06/05-04:57:33.281547 7f9cd4092c40               Options.comparator: leveldb.BytewiseComparator
2023/06/05-04:57:33.281547 7f9cd4092c40           Options.merge_operator: None
2023/06/05-04:57:33.281548 7f9cd4092c40        Options.compaction_filter: None
2023/06/05-04:57:33.281548 7f9cd4092c40        Options.compaction_filter_factory: None
2023/06/05-04:57:33.281549 7f9cd4092c40  Options.sst_partitioner_factory: None
2023/06/05-04:57:33.281550 7f9cd4092c40         Options.memtable_factory: SkipListFactory
2023/06/05-04:57:33.281550 7f9cd4092c40            Options.table_factory: BlockBasedTable
2023/06/05-04:57:33.281564 7f9cd4092c40            table_factory options:   flush_block_policy_factory: FlushBlockBySizePolicyFactory (0x55aa50b40e00)
  cache_index_and_filter_blocks: 0
  cache_index_and_filter_blocks_with_high_priority: 1
  pin_l0_filter_and_index_blocks_in_cache: 0
  pin_top_level_index_and_filter: 1
  index_type: 0
  data_block_index_type: 0
  index_shortening: 1
  data_block_hash_table_util_ratio: 0.750000
  hash_index_allow_collision: 1
  checksum: 1
  no_block_cache: 0
  block_cache: 0x55aa50b40e50
  block_cache_name: LRUCache
  block_cache_options:
    capacity : 8388608
    num_shard_bits : 4
    strict_capacity_limit : 0
    memory_allocator : None
    high_pri_pool_ratio: 0.000
  block_cache_compressed: (nil)
  persistent_cache: (nil)
  block_size: 4096
  block_size_deviation: 10
  block_restart_interval: 16
  index_block_restart_interval: 1
  metadata_block_size: 4096
  partition_filters: 0
  use_delta_encoding: 1
  filter_policy: nullptr
  whole_key_filtering: 1
  verify_compression: 0
  read_amp_bytes_per_bit: 0
  format_version: 5
  enable_index_compression: 1
  block_align: 0
2023/06/05-04:57:33.281565 7f9cd4092c40        Options.write_buffer_size: 67108864
2023/06/05-04:57:33.281565 7f9cd4092c40  Options.max_write_buffer_number: 2
2023/06/05-04:57:33.281566 7f9cd4092c40          Options.compression: Snappy
2023/06/05-04:57:33.281567 7f9cd4092c40                  Options.bottommost_compression: Disabled
2023/06/05-04:57:33.281568 7f9cd4092c40       Options.prefix_extractor: nullptr
2023/06/05-04:57:33.281568 7f9cd4092c40   Options.memtable_insert_with_hint_prefix_extractor: nullptr
2023/06/05-04:57:33.281569 7f9cd4092c40             Options.num_levels: 7
2023/06/05-04:57:33.281569 7f9cd4092c40        Options.min_write_buffer_number_to_merge: 1
2023/06/05-04:57:33.281570 7f9cd4092c40     Options.max_write_buffer_number_to_maintain: 0
2023/06/05-04:57:33.281570 7f9cd4092c40     Options.max_write_buffer_size_to_maintain: 0
2023/06/05-04:57:33.281571 7f9cd4092c40            Options.bottommost_compression_opts.window_bits: -14
2023/06/05-04:57:33.281571 7f9cd4092c40                  Options.bottommost_compression_opts.level: 32767
2023/06/05-04:57:33.281572 7f9cd4092c40               Options.bottommost_compression_opts.strategy: 0
2023/06/05-04:57:33.281572 7f9cd4092c40         Options.bottommost_compression_opts.max_dict_bytes: 0
2023/06/05-04:57:33.281580 7f9cd4092c40         Options.bottommost_compression_opts.zstd_max_train_bytes: 0
2023/06/05-04:57:33.281580 7f9cd4092c40         Options.bottommost_compression_opts.parallel_threads: 1
2023/06/05-04:57:33.281581 7f9cd4092c40                  Options.bottommost_compression_opts.enabled: false
2023/06/05-04:57:33.281581 7f9cd4092c40         Options.bottommost_compression_opts.max_dict_buffer_bytes: 0
2023/06/05-04:57:33.281582 7f9cd4092c40            Options.compression_opts.window_bits: -14
2023/06/05-04:57:33.281582 7f9cd4092c40                  Options.compression_opts.level: 32767
2023/06/05-04:57:33.281583 7f9cd4092c40               Options.compression_opts.strategy: 0
2023/06/05-04:57:33.281584 7f9cd4092c40         Options.compression_opts.max_dict_bytes: 0
2023/06/05-04:57:33.281584 7f9cd4092c40         Options.compression_opts.zstd_max_train_bytes: 0
2023/06/05-04:57:33.281585 7f9cd4092c40         Options.compression_opts.parallel_threads: 1
2023/06/05-04:57:33.281585 7f9cd4092c40                  Options.compression_opts.enabled: false
2023/06/05-04:57:33.281586 7f9cd4092c40         Options.compression_opts.max_dict_buffer_bytes: 0
2023/06/05-04:57:33.281586 7f9cd4092c40      Options.level0_file_num_compaction_trigger: 4
2023/06/05-04:57:33.281587 7f9cd4092c40          Options.level0_slowdown_writes_trigger: 20
2023/06/05-04:57:33.281587 7f9cd4092c40              Options.level0_stop_writes_trigger: 36
2023/06/05-04:57:33.281588 7f9cd4092c40                   Options.target_file_size_base: 67108864
2023/06/05-04:57:33.281588 7f9cd4092c40             Options.target_file_size_multiplier: 1
2023/06/05-04:57:33.281589 7f9cd4092c40                Options.max_bytes_for_level_base: 268435456
2023/06/05-04:57:33.281589 7f9cd4092c40 Options.level_compaction_dynamic_level_bytes: 0
2023/06/05-04:57:33.281590 7f9cd4092c40          Options.max_bytes_for_level_multiplier: 10.000000
2023/06/05-04:57:33.281591 7f9cd4092c40 Options.max_bytes_for_level_multiplier_addtl[0]: 1
2023/06/05-04:57:33.281592 7f9cd4092c40 Options.max_bytes_for_level_multiplier_addtl[1]: 1
2023/06/05-04:57:33.281593 7f9cd4092c40 Options.max_bytes_for_level_multiplier_addtl[2]: 1
2023/06/05-04:57:33.281593 7f9cd4092c40 Options.max_bytes_for_level_multiplier_addtl[3]: 1
2023/06/05-04:57:33.281594 7f9cd4092c40 Options.max_bytes_for_level_multiplier_addtl[4]: 1
2023/06/05-04:57:33.281594 7f9cd4092c40 Options.max_bytes_for_level_multiplier_addtl[5]: 1
2023/06/05-04:57:33.281595 7f9cd4092c40 Options.max_bytes_for_level_multiplier_addtl[6]: 1
2023/06/05-04:57:33.281595 7f9cd4092c40       Options.max_sequential_skip_in_iterations: 8
2023/06/05-04:57:33.281596 7f9cd4092c40                    Options.max_compaction_bytes: 1677721600
2023/06/05-04:57:33.281596 7f9cd4092c40                        Options.arena_block_size: 8388608
2023/06/05-04:57:33.281597 7f9cd4092c40   Options.soft_pending_compaction_bytes_limit: 68719476736
2023/06/05-04:57:33.281597 7f9cd4092c40   Options.hard_pending_compaction_bytes_limit: 274877906944
2023/06/05-04:57:33.281598 7f9cd4092c40       Options.rate_limit_delay_max_milliseconds: 100
2023/06/05-04:57:33.281599 7f9cd4092c40                Options.disable_auto_compactions: 0
2023/06/05-04:57:33.281600 7f9cd4092c40                        Options.compaction_style: kCompactionStyleLevel
2023/06/05-04:57:33.281601 7f9cd4092c40                          Options.compaction_pri: kMinOverlappingRatio
2023/06/05-04:57:33.281601 7f9cd4092c40 Options.compaction_options_universal.size_ratio: 1
2023/06/05-04:57:33.281602 7f9cd4092c40 Options.compaction_options_universal.min_merge_width: 2
2023/06/05-04:57:33.281603 7f9cd4092c40 Options.compaction_options_universal.max_merge_width: 4294967295
2023/06/05-04:57:33.281603 7f9cd4092c40 Options.compaction_options_universal.max_size_amplification_percent: 200
2023/06/05-04:57:33.281604 7f9cd4092c40 Options.compaction_options_universal.compression_size_percent: -1
2023/06/05-04:57:33.281605 7f9cd4092c40 Options.compaction_options_universal.stop_style: kCompactionStopStyleTotalSize
2023/06/05-04:57:33.281608 7f9cd4092c40 Options.compaction_options_fifo.max_table_files_size: 1073741824
2023/06/05-04:57:33.281609 7f9cd4092c40 Options.compaction_options_fifo.allow_compaction: 0
2023/06/05-04:57:33.281611 7f9cd4092c40                   Options.table_properties_collectors: 
2023/06/05-04:57:33.281612 7f9cd4092c40                   Options.inplace_update_support: 0
2023/06/05-04:57:33.281613 7f9cd4092c40                 Options.inplace_update_num_locks: 10000
2023/06/05-04:57:33.281613 7f9cd4092c40               Options.memtable_prefix_bloom_size_ratio: 0.000000
2023/06/05-04:57:33.281614 7f9cd4092c40               Options.memtable_whole_key_filtering: 0
2023/06/05-04:57:33.281614 7f9cd4092c40   Options.memtable_huge_page_size: 0
2023/06/05-04:57:33.281615 7f9cd4092c40                           Options.bloom_locality: 0
2023/06/05-04:57:33.281615 7f9cd4092c40                    Options.max_successive_merges: 0
2023/06/05-04:57:33.281616 7f9cd4092c40                Options.optimize_filters_for_hits: 0
2023/06/05-04:57:33.281616 7f9cd4092c40                Options.paranoid_file_checks: 0
2023/06/05-04:57:33.281617 7f9cd4092c40                Options.force_consistency_checks: 1
2023/06/05-04:57:33.281618 7f9cd4092c40                Options.report_bg_io_stats: 0
2023/06/05-04:57:33.281618 7f9cd4092c40                               Options.ttl: 2592000
2023/06/05-04:57:33.281619 7f9cd4092c40          Options.periodic_compaction_seconds: 0
2023/06/05-04:57:33.281619 7f9cd4092c40                    Options.enable_blob_files: false
2023/06/05-04:57:33.281620 7f9cd4092c40                        Options.min_blob_size: 0
2023/06/05-04:57:33.281620 7f9cd4092c40                       Options.blob_file_size: 268435456
2023/06/05-04:57:33.281621 7f9cd4092c40                Options.blob_compression_type: NoCompression
2023/06/05-04:57:33.281621 7f9cd4092c40       Options.enable_blob_garbage_collection: false
2023/06/05-04:57:33.281622 7f9cd4092c40   Options.blob_garbage_collection_age_cutoff: 0.250000
2023/06/05-04:57:33.281727 7f9cd4092c40 [db/column_family.cc:596] --------------- Options for column family [mapping]:
2023/06/05-04:57:33.281730 7f9cd4092c40               Options.comparator: leveldb.BytewiseComparator
2023/06/05-04:57:33.281731 7f9cd4092c40           Options.merge_operator: None
2023/06/05-04:57:33.281731 7f9cd4092c40        Options.compaction_filter: None
2023/06/05-04:57:33.281732 7f9cd4092c40        Options.compaction_filter_factory: None
2023/06/05-04:57:33.281733 7f9cd4092c40  Options.sst_partitioner_factory: None
2023/06/05-04:57:33.281733 7f9cd4092c40         Options.memtable_factory: SkipListFactory
2023/06/05-04:57:33.281734 7f9cd4092c40            Options.table_factory: BlockBasedTable
2023/06/05-04:57:33.281748 7f9cd4092c40            table_factory options:   flush_block_policy_factory: FlushBlockBySizePolicyFactory (0x55aa50ac39e0)
  cache_index_and_filter_blocks: 0
  cache_index_and_filter_blocks_with_high_priority: 1
  pin_l0_filter_and_index_blocks_in_cache: 0
  pin_top_level_index_and_filter: 1
  index_type: 0
  data_block_index_type: 0
  index_shortening: 1
  data_block_hash_table_util_ratio: 0.750000
  hash_index_allow_collision: 1
  checksum: 1
  no_block_cache: 0
  block_cache: 0x55aa50b3db20
  block_cache_name: LRUCache
  block_cache_options:
    capacity : 8388608
    num_shard_bits : 4
    strict_capacity_limit : 0
    memory_allocator : None
    high_pri_pool_ratio: 0.000
  block_cache_compressed: (nil)
  persistent_cache: (nil)
  block_size: 4096
  block_size_deviation: 10
  block_restart_interval: 16
  index_block_restart_interval: 1
  metadata_block_size: 4096
  partition_filters: 0
  use_delta_encoding: 1
  filter_policy: nullptr
  whole_key_filtering: 1
  verify_compression: 0
  read_amp_bytes_per_bit: 0
  format_version: 5
  enable_index_compression: 1
  block_align: 0
2023/06/05-04:57:33.281748 7f9cd4092c40        Options.write_buffer_size: 67108864
2023/06/05-04:57:33.281749 7f9cd4092c40  Options.max_write_buffer_number: 2
2023/06/05-04:57:33.281750 7f9cd4092c40          Options.compression: Snappy
2023/06/05-04:57:33.281757 7f9cd4092c40                  Options.bottommost_compression: Disabled
2023/06/05-04:57:33.281758 7f9cd4092c40       Options.prefix_extractor: nullptr
2023/06/05-04:57:33.281759 7f9cd4092c40   Options.memtable_insert_with_hint_prefix_extractor: nullptr
2023/06/05-04:57:33.281759 7f9cd4092c40             Options.num_levels: 7
2023/06/05-04:57:33.281760 7f9cd4092c40        Options.min_write_buffer_number_to_merge: 1
2023/06/05-04:57:33.281760 7f9cd4092c40     Options.max_write_buffer_number_to_maintain: 0
2023/06/05-04:57:33.281761 7f9cd4092c40     Options.max_write_buffer_size_to_maintain: 0
2023/06/05-04:57:33.281761 7f9cd4092c40            Options.bottommost_compression_opts.window_bits: -14
2023/06/05-04:57:33.281762 7f9cd4092c40                  Options.bottommost_compression_opts.level: 32767
2023/06/05-04:57:33.281762 7f9cd4092c40               Options.bottommost_compression_opts.strategy: 0
2023/06/05-04:57:33.281763 7f9cd4092c40         Options.bottommost_compression_opts.max_dict_bytes: 0
2023/06/05-04:57:33.281763 7f9cd4092c40         Options.bottommost_compression_opts.zstd_max_train_bytes: 0
2023/06/05-04:57:33.281764 7f9cd4092c40         Options.bottommost_compression_opts.parallel_threads: 1
2023/06/05-04:57:33.281764 7f9cd4092c40                  Options.bottommost_compression_opts.enabled: false
2023/06/05-04:57:33.281765 7f9cd4092c40         Options.bottommost_compression_opts.max_dict_buffer_bytes: 0
2023/06/05-04:57:33.281766 7f9cd4092c40            Options.compression_opts.window_bits: -14
2023/06/05-04:57:33.281766 7f9cd4092c40                  Options.compression_opts.level: 32767
2023/06/05-04:57:33.281767 7f9cd4092c40               Options.compression_opts.strategy: 0
2023/06/05-04:57:33.281767 7f9cd4092c40         Options.compression_opts.max_dict_bytes: 0
2023/06/05-04:57:33.281768 7f9cd4092c40         Options.compression_opts.zstd_max_train_bytes: 0
2023/06/05-04:57:33.281768 7f9cd4092c40         Options.compression_opts.parallel_threads: 1
2023/06/05-04:57:33.281769 7f9cd4092c40                  Options.compression_opts.enabled: false
2023/06/05-04:57:33.281769 7f9cd4092c40         Options.compression_opts.max_dict_buffer_bytes: 0
2023/06/05-04:57:33.281770 7f9cd4092c40      Options.level0_file_num_compaction_trigger: 4
2023/06/05-04:57:33.281770 7f9cd4092c40          Options.level0_slowdown_writes_trigger: 20
2023/06/05-04:57:33.281771 7f9cd4092c40              Options.level0_stop_writes_trigger: 36
2023/06/05-04:57:33.281771 7f9cd4092c40                   Options.target_file_size_base: 67108864
2023/06/05-04:57:33.281772 7f9cd4092c40             Options.target_file_size_multiplier: 1
2023/06/05-04:57:33.281772 7f9cd4092c40                Options.max_bytes_for_level_base: 268435456
2023/06/05-04:57:33.281773 7f9cd4092c40 Options.level_compaction_dynamic_level_bytes: 0
2023/06/05-04:57:33.281773 7f9cd4092c40          Options.max_bytes_for_level_multiplier: 10.000000
2023/06/05-04:57:33.281775 7f9cd4092c40 Options.max_bytes_for_level_multiplier_addtl[0]: 1
2023/06/05-04:57:33.281775 7f9cd4092c40 Options.max_bytes_for_level_multiplier_addtl[1]: 1
2023/06/05-04:57:33.281776 7f9cd4092c40 Options.max_bytes_for_level_multiplier_addtl[2]: 1
2023/06/05-04:57:33.281776 7f9cd4092c40 Options.max_bytes_for_level_multiplier_addtl[3]: 1
2023/06/05-04:57:33.281777 7f9cd4092c40 Options.max_bytes_for_level_multiplier_addtl[4]: 1
2023/06/05-04:57:33.281777 7f9cd4092c40 Options.max_bytes_for_level_multiplier_addtl[5]: 1
2023/06/05-04:57:33.281778 7f9cd4092c40 Options.max_bytes_for_level_multiplier_addtl[6]: 1
2023/06/05-04:57:33.281778 7f9cd4092c40       Options.max_sequential_skip_in_iterations: 8
2023/06/05-04:57:33.281779 7f9cd4092c40                    Options.max_compaction_bytes: 1677721600
2023/06/05-04:57:33.281780 7f9cd4092c40                        Options.arena_block_size: 8388608
2023/06/05-04:57:33.281780 7f9cd4092c40   Options.soft_pending_compaction_bytes_limit: 68719476736
2023/06/05-04:57:33.281781 7f9cd4092c40   Options.hard_pending_compaction_bytes_limit: 274877906944
2023/06/05-04:57:33.281784 7f9cd4092c40       Options.rate_limit_delay_max_milliseconds: 100
2023/06/05-04:57:33.281785 7f9cd4092c40                Options.disable_auto_compactions: 0
2023/06/05-04:57:33.281786 7f9cd4092c40                        Options.compaction_style: kCompactionStyleLevel
2023/06/05-04:57:33.281787 7f9cd4092c40                          Options.compaction_pri: kMinOverlappingRatio
2023/06/05-04:57:33.281787 7f9cd4092c40 Options.compaction_options_universal.size_ratio: 1
2023/06/05-04:57:33.281788 7f9cd4092c40 Options.compaction_options_universal.min_merge_width: 2
2023/06/05-04:57:33.281788 7f9cd4092c40 Options.compaction_options_universal.max_merge_width: 4294967295
2023/06/05-04:57:33.281789 7f9cd4092c40 Options.compaction_options_universal.max_size_amplification_percent: 200
2023/06/05-04:57:33.281789 7f9cd4092c40 Options.compaction_options_universal.compression_size_percent: -1
2023/06/05-04:57:33.281790 7f9cd4092c40 Options.compaction_options_universal.stop_style: kCompactionStopStyleTotalSize
2023/06/05-04:57:33.281791 7f9cd4092c40 Options.compaction_options_fifo.max_table_files_size: 1073741824
2023/06/05-04:57:33.281792 7f9cd4092c40 Options.compaction_options_fifo.allow_compaction: 0
2023/06/05-04:57:33.281794 7f9cd4092c40                   Options.table_properties_collectors: 
2023/06/05-04:57:33.281795 7f9cd4092c40                   Options.inplace_update_support: 0
2023/06/05-04:57:33.281795 7f9cd4092c40                 Options.inplace_update_num_locks: 10000
2023/06/05-04:57:33.281796 7f9cd4092c40               Options.memtable_prefix_bloom_size_ratio: 0.000000
2023/06/05-04:57:33.281796 7f9cd4092c40               Options.memtable_whole_key_filtering: 0
2023/06/05-04:57:33.281797 7f9cd4092c40   Options.memtable_huge_page_size: 0
2023/06/05-04:57:33.281797 7f9cd4092c40                           Options.bloom_locality: 0
2023/06/05-04:57:33.281798 7f9cd4092c40                    Options.max_successive_merges: 0
2023/06/05-04:57:33.281799 7f9cd4092c40                Options.optimize_filters_for_hits: 0
2023/06/05-04:57:33.281799 7f9cd4092c40                Options.paranoid_file_checks: 0
2023/06/05-04:57:33.281800 7f9cd4092c40                Options.force_consistency_checks: 1
2023/06/05-04:57:33.281800 7f9cd4092c40                Options.report_bg_io_stats: 0
2023/06/05-04:57:33.281801 7f9cd4092c40                               Options.ttl: 2592000
2023/06/05-04:57:33.281801 7f9cd4092c40          Options.periodic_compaction_seconds: 0
2023/06/05-04:57:33.281802 7f9cd4092c40                    Options.enable_blob_files: false
2023/06/05-04:57:33.281802 7f9cd4092c40                        Options.min_blob_size: 0
2023/06/05-04:57:33.281803 7f9cd4092c40                       Options.blob_file_size: 268435456
2023/06/05-04:57:33.281803 7f9cd4092c40                Options.blob_compression_type: NoCompression
2023/06/05-04:57:33.281804 7f9cd4092c40       Options.enable_blob_garbage_collection: false
2023/06/05-04:57:33.281804 7f9cd4092c40   Options.blob_garbage_collection_age_cutoff: 0.250000
2023/06/05-04:57:33.281891 7f9cd4092c40 [db/column_family.cc:596] --------------- Options for column family [versions]:
2023/06/05-04:57:33.281893 7f9cd4092c40               Options.comparator: leveldb.BytewiseComparator
2023/06/05-04:57:33.281894 7f9cd4092c40           Options.merge_operator: None
2023/06/05-04:57:33.281895 7f9cd4092c40        Options.compaction_filter: None
2023/06/05-04:57:33.281895 7f9cd4092c40        Options.compaction_filter_factory: None
2023/06/05-04:57:33.281896 7f9cd4092c40  Options.sst_partitioner_factory: None
2023/06/05-04:57:33.281896 7f9cd4092c40         Options.memtable_factory: SkipListFactory
2023/06/05-04:57:33.281897 7f9cd4092c40            Options.table_factory: BlockBasedTable
2023/06/05-04:57:33.281910 7f9cd4092c40            table_factory options:   flush_block_policy_factory: FlushBlockBySizePolicyFactory (0x55aa50b44470)
  cache_index_and_filter_blocks: 0
  cache_index_and_filter_blocks_with_high_priority: 1
  pin_l0_filter_and_index_blocks_in_cache: 0
  pin_top_level_index_and_filter: 1
  index_type: 0
  data_block_index_type: 0
  index_shortening: 1
  data_block_hash_table_util_ratio: 0.750000
  hash_index_allow_collision: 1
  checksum: 1
  no_block_cache: 0
  block_cache: 0x55aa50b3e520
  block_cache_name: LRUCache
  block_cache_options:
    capacity : 8388608
    num_shard_bits : 4
    strict_capacity_limit : 0
    memory_allocator : None
    high_pri_pool_ratio: 0.000
  block_cache_compressed: (nil)
  persistent_cache: (nil)
  block_size: 4096
  block_size_deviation: 10
  block_restart_interval: 16
  index_block_restart_interval: 1
  metadata_block_size: 4096
  partition_filters: 0
  use_delta_encoding: 1
  filter_policy: nullptr
  whole_key_filtering: 1
  verify_compression: 0
  read_amp_bytes_per_bit: 0
  format_version: 5
  enable_index_compression: 1
  block_align: 0
2023/06/05-04:57:33.281918 7f9cd4092c40        Options.write_buffer_size: 67108864
2023/06/05-04:57:33.281918 7f9cd4092c40  Options.max_write_buffer_number: 2
2023/06/05-04:57:33.281919 7f9cd4092c40          Options.compression: Snappy
2023/06/05-04:57:33.281920 7f9cd4092c40                  Options.bottommost_compression: Disabled
2023/06/05-04:57:33.281920 7f9cd4092c40       Options.prefix_extractor: nullptr
2023/06/05-04:57:33.281921 7f9cd4092c40   Options.memtable_insert_with_hint_prefix_extractor: nullptr
2023/06/05-04:57:33.281922 7f9cd4092c40             Options.num_levels: 7
2023/06/05-04:57:33.281922 7f9cd4092c40        Options.min_write_buffer_number_to_merge: 1
2023/06/05-04:57:33.281923 7f9cd4092c40     Options.max_write_buffer_number_to_maintain: 0
2023/06/05-04:57:33.281923 7f9cd4092c40     Options.max_write_buffer_size_to_maintain: 0
2023/06/05-04:57:33.281924 7f9cd4092c40            Options.bottommost_compression_opts.window_bits: -14
2023/06/05-04:57:33.281924 7f9cd4092c40                  Options.bottommost_compression_opts.level: 32767
2023/06/05-04:57:33.281925 7f9cd4092c40               Options.bottommost_compression_opts.strategy: 0
2023/06/05-04:57:33.281925 7f9cd4092c40         Options.bottommost_compression_opts.max_dict_bytes: 0
2023/06/05-04:57:33.281926 7f9cd4092c40         Options.bottommost_compression_opts.zstd_max_train_bytes: 0
2023/06/05-04:57:33.281926 7f9cd4092c40         Options.bottommost_compression_opts.parallel_threads: 1
2023/06/05-04:57:33.281927 7f9cd4092c40                  Options.bottommost_compression_opts.enabled: false
2023/06/05-04:57:33.281928 7f9cd4092c40         Options.bottommost_compression_opts.max_dict_buffer_bytes: 0
2023/06/05-04:57:33.281928 7f9cd4092c40            Options.compression_opts.window_bits: -14
2023/06/05-04:57:33.281929 7f9cd4092c40                  Options.compression_opts.level: 32767
2023/06/05-04:57:33.281929 7f9cd4092c40               Options.compression_opts.strategy: 0
2023/06/05-04:57:33.281930 7f9cd4092c40         Options.compression_opts.max_dict_bytes: 0
2023/06/05-04:57:33.281930 7f9cd4092c40         Options.compression_opts.zstd_max_train_bytes: 0
2023/06/05-04:57:33.281931 7f9cd4092c40         Options.compression_opts.parallel_threads: 1
2023/06/05-04:57:33.281931 7f9cd4092c40                  Options.compression_opts.enabled: false
2023/06/05-04:57:33.281932 7f9cd4092c40         Options.compression_opts.max_dict_buffer_bytes: 0
2023/06/05-04:57:33.281932 7f9cd4092c40      Options.level0_file_num_compaction_trigger: 4
2023/06/05-04:57:33.281933 7f9cd4092c40          Options.level0_slowdown_writes_trigger: 20
2023/06/05-04:57:33.281933 7f9cd4092c40              Options.level0_stop_writes_trigger: 36
2023/06/05-04:57:33.281934 7f9cd4092c40                   Options.target_file_size_base: 67108864
2023/06/05-04:57:33.281934 7f9cd4092c40             Options.target_file_size_multiplier: 1
2023/06/05-04:57:33.281935 7f9cd4092c40                Options.max_bytes_for_level_base: 268435456
2023/06/05-04:57:33.281935 7f9cd4092c40 Options.level_compaction_dynamic_level_bytes: 0
2023/06/05-04:57:33.281936 7f9cd4092c40          Options.max_bytes_for_level_multiplier: 10.000000
2023/06/05-04:57:33.281940 7f9cd4092c40 Options.max_bytes_for_level_multiplier_addtl[0]: 1
2023/06/05-04:57:33.281940 7f9cd4092c40 Options.max_bytes_for_level_multiplier_addtl[1]: 1
2023/06/05-04:57:33.281941 7f9cd4092c40 Options.max_bytes_for_level_multiplier_addtl[2]: 1
2023/06/05-04:57:33.281941 7f9cd4092c40 Options.max_bytes_for_level_multiplier_addtl[3]: 1
2023/06/05-04:57:33.281942 7f9cd4092c40 Options.max_bytes_for_level_multiplier_addtl[4]: 1
2023/06/05-04:57:33.281942 7f9cd4092c40 Options.max_bytes_for_level_multiplier_addtl[5]: 1
2023/06/05-04:57:33.281943 7f9cd4092c40 Options.max_bytes_for_level_multiplier_addtl[6]: 1
2023/06/05-04:57:33.281943 7f9cd4092c40       Options.max_sequential_skip_in_iterations: 8
2023/06/05-04:57:33.281944 7f9cd4092c40                    Options.max_compaction_bytes: 1677721600
2023/06/05-04:57:33.281945 7f9cd4092c40                        Options.arena_block_size: 8388608
2023/06/05-04:57:33.281945 7f9cd4092c40   Options.soft_pending_compaction_bytes_limit: 68719476736
2023/06/05-04:57:33.281946 7f9cd4092c40   Options.hard_pending_compaction_bytes_limit: 274877906944
2023/06/05-04:57:33.281946 7f9cd4092c40       Options.rate_limit_delay_max_milliseconds: 100
2023/06/05-04:57:33.281947 7f9cd4092c40                Options.disable_auto_compactions: 0
2023/06/05-04:57:33.281948 7f9cd4092c40                        Options.compaction_style: kCompactionStyleLevel
2023/06/05-04:57:33.281949 7f9cd4092c40                          Options.compaction_pri: kMinOverlappingRatio
2023/06/05-04:57:33.281949 7f9cd4092c40 Options.compaction_options_universal.size_ratio: 1
2023/06/05-04:57:33.281950 7f9cd4092c40 Options.compaction_options_universal.min_merge_width: 2
2023/06/05-04:57:33.281950 7f9cd4092c40 Options.compaction_options_universal.max_merge_width: 4294967295
2023/06/05-04:57:33.281951 7f9cd4092c40 Options.compaction_options_universal.max_size_amplification_percent: 200
2023/06/05-04:57:33.281951 7f9cd4092c40 Options.compaction_options_universal.compression_size_percent: -1
2023/06/05-04:57:33.281952 7f9cd4092c40 Options.compaction_options_universal.stop_style: kCompactionStopStyleTotalSize
2023/06/05-04:57:33.281953 7f9cd4092c40 Options.compaction_options_fifo.max_table_files_size: 1073741824
2023/06/05-04:57:33.281954 7f9cd4092c40 Options.compaction_options_fifo.allow_compaction: 0
2023/06/05-04:57:33.281956 7f9cd4092c40                   Options.table_properties_collectors: 
2023/06/05-04:57:33.281956 7f9cd4092c40                   Options.inplace_update_support: 0
2023/06/05-04:57:33.281957 7f9cd4092c40                 Options.inplace_update_num_locks: 10000
2023/06/05-04:57:33.281957 7f9cd4092c40               Options.memtable_prefix_bloom_size_ratio: 0.000000
2023/06/05-04:57:33.281958 7f9cd4092c40               Options.memtable_whole_key_filtering: 0
2023/06/05-04:57:33.281959 7f9cd4092c40   Options.memtable_huge_page_size: 0
2023/06/05-04:57:33.281959 7f9cd4092c40                           Options.bloom_locality: 0
2023/06/05-04:57:33.281960 7f9cd4092c40                    Options.max_successive_merges: 0
2023/06/05-04:57:33.281960 7f9cd4092c40                Options.optimize_filters_for_hits: 0
2023/06/05-04:57:33.281961 7f9cd4092c40                Options.paranoid_file_checks: 0
2023/06/05-04:57:33.281961 7f9cd4092c40                Options.force_consistency_checks: 1
2023/06/05-04:57:33.281962 7f9cd4092c40                Options.report_bg_io_stats: 0
2023/06/05-04:57:33.281962 7f9cd4092c40                               Options.ttl: 2592000
2023/06/05-04:57:33.281963 7f9cd4092c40          Options.periodic_compaction_seconds: 0
2023/06/05-04:57:33.281963 7f9cd4092c40                    Options.enable_blob_files: false
2023/06/05-04:57:33.281964 7f9cd4092c40                        Options.min_blob_size: 0
2023/06/05-04:57:33.281964 7f9cd4092c40                       Options.blob_file_size: 268435456
2023/06/05-04:57:33.281965 7f9cd4092c40                Options.blob_compression_type: NoCompression
2023/06/05-04:57:33.281965 7f9cd4092c40       Options.enable_blob_garbage_collection: false
2023/06/05-04:57:33.281968 7f9cd4092c40   Options.blob_garbage_collection_age_cutoff: 0.250000
2023/06/05-04:57:33.287824 7f9cd4092c40 [db/version_set.cc:4666] Recovered from manifest file:c4f4294541b4400d86a2247b25c08d27.vector/2/id_tracker/MANIFEST-000004 succeeded,manifest_file_number is 4, next_file_number is 9, last_sequence is 0, log_number is 5,prev_log_number is 0,max_column_family is 2,min_log_number_to_keep is 0
2023/06/05-04:57:33.287829 7f9cd4092c40 [db/version_set.cc:4681] Column family [default] (ID 0), log number is 0
2023/06/05-04:57:33.287830 7f9cd4092c40 [db/version_set.cc:4681] Column family [mapping] (ID 1), log number is 5
2023/06/05-04:57:33.287831 7f9cd4092c40 [db/version_set.cc:4681] Column family [versions] (ID 2), log number is 5
2023/06/05-04:57:33.287927 7f9cd4092c40 [db/version_set.cc:4118] Creating manifest 12
2023/06/05-04:57:33.292304 7f9cd4092c40 EVENT_LOG_v1 {"time_micros": 1685941053292301, "job": 1, "event": "recovery_started", "wal_files": [5]}
2023/06/05-04:57:33.292309 7f9cd4092c40 [db/db_impl/db_impl_open.cc:854] Recovering log #5 mode 2
2023/06/05-04:57:33.294203 7f9cd4092c40 EVENT_LOG_v1 {"time_micros": 1685941053294184, "cf_name": "mapping", "job": 1, "event": "table_file_creation", "file_number": 13, "file_size": 936, "file_checksum": "", "file_checksum_func_name": "Unknown", "table_properties": {"data_size": 30, "index_size": 25, "index_partitions": 0, "top_level_index_size": 0, "index_key_is_user_key": 1, "index_value_is_delta_encoded": 1, "filter_size": 0, "raw_key_size": 16, "raw_average_key_size": 16, "raw_value_size": 4, "raw_average_value_size": 4, "num_data_blocks": 1, "num_entries": 1, "num_deletions": 0, "num_merge_operands": 0, "num_range_deletions": 0, "format_version": 0, "fixed_key_len": 0, "filter_policy": "", "column_family_name": "mapping", "column_family_id": 1, "comparator": "leveldb.BytewiseComparator", "merge_operator": "nullptr", "prefix_extractor_name": "nullptr", "property_collectors": "[]", "compression": "Snappy", "compression_options": "window_bits=-14; level=32767; strategy=0; max_dict_bytes=0; zstd_max_train_bytes=0; enabled=0; max_dict_buffer_bytes=0; ", "creation_time": 1685941053, "oldest_key_time": 0, "file_creation_time": 0, "slow_compression_estimated_data_size": 0, "fast_compression_estimated_data_size": 0, "db_id": "2f01b7f1-8a0d-46fc-8832-9cab44408767", "db_session_id": "N25G1YAPWX0K5Q268JV6"}}
