2023/06/05-04:55:34.735558 7fbe3bfff640 RocksDB version: 6.20.3
2023/06/05-04:55:34.735575 7fbe3bfff640 Git sha 8608d75d85f8e1b3b64b73a4fb6d19baec61ba5c
2023/06/05-04:55:34.735577 7fbe3bfff640 Compile date 2021-05-05 20:35:30
2023/06/05-04:55:34.735608 7fbe3bfff640 DB SUMMARY
2023/06/05-04:55:34.735609 7fbe3bfff640 DB Session ID:  AXO4R1WQS84605V82119
2023/06/05-04:55:34.735642 7fbe3bfff640 CURRENT file:  CURRENT
2023/06/05-04:55:34.735644 7fbe3bfff640 IDENTITY file:  IDENTITY
2023/06/05-04:55:34.735647 7fbe3bfff640 MANIFEST file:  MANIFEST-000015 size: 345 Bytes
2023/06/05-04:55:34.735649 7fbe3bfff640 SST files in 798598a4279e4a2eaaa21dde88b8e030.vector/2/id_tracker dir, Total Num: 2, files: 000013.sst 000014.sst 
2023/06/05-04:55:34.735650 7fbe3bfff640 Write Ahead Log file in 798598a4279e4a2eaaa21dde88b8e030.vector/2/id_tracker: 000016.log size: 0 ; 
2023/06/05-04:55:34.735651 7fbe3bfff640                         Options.error_if_exists: 0
2023/06/05-04:55:34.735652 7fbe3bfff640                       Options.create_if_missing: 1
2023/06/05-04:55:34.735653 7fbe3bfff640                         Options.paranoid_checks: 1
2023/06/05-04:55:34.735653 7fbe3bfff640                               Options.track_and_verify_wals_in_manifest: 0
2023/06/05-04:55:34.735654 7fbe3bfff640                                     Options.env: 0x564de9071c80
2023/06/05-04:55:34.735655 7fbe3bfff640                                      Options.fs: Posix File System
2023/06/05-04:55:34.735655 7fbe3bfff640                                Options.info_log: 0x7fbe30002100
2023/06/05-04:55:34.735656 7fbe3bfff640                Options.max_file_opening_threads: 16
2023/06/05-04:55:34.735656 7fbe3bfff640                              Options.statistics: (nil)
2023/06/05-04:55:34.735657 7fbe3bfff640                               Options.use_fsync: 0
2023/06/05-04:55:34.735658 7fbe3bfff640                       Options.max_log_file_size: 0
2023/06/05-04:55:34.735658 7fbe3bfff640                  Options.max_manifest_file_size: 1073741824
2023/06/05-04:55:34.735659 7fbe3bfff640                   Options.log_file_time_to_roll: 0
2023/06/05-04:55:34.735659 7fbe3bfff640                       Options.keep_log_file_num: 1000
2023/06/05-04:55:34.735660 7fbe3bfff640                    Options.recycle_log_file_num: 0
2023/06/05-04:55:34.735660 7fbe3bfff640                         Options.allow_fallocate: 1
2023/06/05-04:55:34.735661 7fbe3bfff640                        Options.allow_mmap_reads: 0
2023/06/05-04:55:34.735661 7fbe3bfff640                       Options.allow_mmap_writes: 0
2023/06/05-04:55:34.735662 7fbe3bfff640                        Options.use_direct_reads: 0
2023/06/05-04:55:34.735662 7fbe3bfff640                        Options.use_direct_io_for_flush_and_compaction: 0
2023/06/05-04:55:34.735663 7fbe3bfff640          Options.create_missing_column_families: 1
2023/06/05-04:55:34.735664 7fbe3bfff640                              Options.db_log_dir: 
2023/06/05-04:55:34.735664 7fbe3bfff640                                 Options.wal_dir: 798598a4279e4a2eaaa21dde88b8e030.vector/2/id_tracker
2023/06/05-04:55:34.735665 7fbe3bfff640                Options.table_cache_numshardbits: 6
2023/06/05-04:55:34.735665 7fbe3bfff640                         Options.WAL_ttl_seconds: 0
2023/06/05-04:55:34.735666 7fbe3bfff640                       Options.WAL_size_limit_MB: 0
2023/06/05-04:55:34.735666 7fbe3bfff640                        Options.max_write_batch_group_size_bytes: 1048576
2023/06/05-04:55:34.735667 7fbe3bfff640             Options.manifest_preallocation_size: 4194304
2023/06/05-04:55:34.735668 7fbe3bfff640                     Options.is_fd_close_on_exec: 1
2023/06/05-04:55:34.735668 7fbe3bfff640                   Options.advise_random_on_open: 1
2023/06/05-04:55:34.735669 7fbe3bfff640                    Options.db_write_buffer_size: 0
2023/06/05-04:55:34.735669 7fbe3bfff640                    Options.write_buffer_manager: 0x7fbe3000c4b0
2023/06/05-04:55:34.735670 7fbe3bfff640         Options.access_hint_on_compaction_start: 1
2023/06/05-04:55:34.735670 7fbe3bfff640  Options.new_table_reader_for_compaction_inputs: 0
2023/06/05-04:55:34.735671 7fbe3bfff640           Options.random_access_max_buffer_size: 1048576
2023/06/05-04:55:34.735679 7fbe3bfff640                      Options.use_adaptive_mutex: 0
2023/06/05-04:55:34.735680 7fbe3bfff640                            Options.rate_limiter: (nil)
2023/06/05-04:55:34.735680 7fbe3bfff640     Options.sst_file_manager.rate_bytes_per_sec: 0
2023/06/05-04:55:34.735681 7fbe3bfff640                       Options.wal_recovery_mode: 2
2023/06/05-04:55:34.735682 7fbe3bfff640                  Options.enable_thread_tracking: 0
2023/06/05-04:55:34.735682 7fbe3bfff640                  Options.enable_pipelined_write: 0
2023/06/05-04:55:34.735683 7fbe3bfff640                  Options.unordered_write: 0
2023/06/05-04:55:34.735683 7fbe3bfff640         Options.allow_concurrent_memtable_write: 1
2023/06/05-04:55:34.735684 7fbe3bfff640      Options.enable_write_thread_adaptive_yield: 1
2023/06/05-04:55:34.735684 7fbe3bfff640             Options.write_thread_max_yield_usec: 100
2023/06/05-04:55:34.735685 7fbe3bfff640            Options.write_thread_slow_yield_usec: 3
2023/06/05-04:55:34.735685 7fbe3bfff640                               Options.row_cache: None
2023/06/05-04:55:34.735686 7fbe3bfff640                              Options.wal_filter: None
2023/06/05-04:55:34.735686 7fbe3bfff640             Options.avoid_flush_during_recovery: 0
2023/06/05-04:55:34.735687 7fbe3bfff640             Options.allow_ingest_behind: 0
2023/06/05-04:55:34.735688 7fbe3bfff640             Options.preserve_deletes: 0
2023/06/05-04:55:34.735688 7fbe3bfff640             Options.two_write_queues: 0
2023/06/05-04:55:34.735689 7fbe3bfff640             Options.manual_wal_flush: 0
2023/06/05-04:55:34.735689 7fbe3bfff640             Options.atomic_flush: 0
2023/06/05-04:55:34.735690 7fbe3bfff640             Options.avoid_unnecessary_blocking_io: 0
2023/06/05-04:55:34.735690 7fbe3bfff640                 Options.persist_stats_to_disk: 0
2023/06/05-04:55:34.735691 7fbe3bfff640                 Options.write_dbid_to_manifest: 0
2023/06/05-04:55:34.735691 7fbe3bfff640                 Options.log_readahead_size: 0
2023/06/05-04:55:34.735692 7fbe3bfff640                 Options.file_checksum_gen_factory: Unknown
2023/06/05-04:55:34.735692 7fbe3bfff640                 Options.best_efforts_recovery: 0
2023/06/05-04:55:34.735693 7fbe3bfff640                Options.max_bgerror_resume_count: 2147483647
2023/06/05-04:55:34.735693 7fbe3bfff640            Options.bgerror_resume_retry_interval: 1000000
2023/06/05-04:55:34.735694 7fbe3bfff640             Options.allow_data_in_errors: 0
2023/06/05-04:55:34.735694 7fbe3bfff640             Options.db_host_id: __hostname__
2023/06/05-04:55:34.735695 7fbe3bfff640             Options.max_background_jobs: 2
2023/06/05-04:55:34.735696 7fbe3bfff640             Options.max_background_compactions: -1
2023/06/05-04:55:34.735696 7fbe3bfff640             Options.max_subcompactions: 1
2023/06/05-04:55:34.735697 7fbe3bfff640             Options.avoid_flush_during_shutdown: 0
2023/06/05-04:55:34.735697 7fbe3bfff640           Options.writable_file_max_buffer_size: 1048576
2023/06/05-04:55:34.735698 7fbe3bfff640             Options.delayed_write_rate : 16777216
2023/06/05-04:55:34.735699 7fbe3bfff640             Options.max_total_wal_size: 0
2023/06/05-04:55:34.735699 7fbe3bfff640             Options.delete_obsolete_files_period_micros: 21600000000
2023/06/05-04:55:34.735700 7fbe3bfff640                   Options.stats_dump_period_sec: 600
2023/06/05-04:55:34.735700 7fbe3bfff640                 Options.stats_persist_period_sec: 600
2023/06/05-04:55:34.735701 7fbe3bfff640                 Options.stats_history_buffer_size: 1048576
2023/06/05-04:55:34.735701 7fbe3bfff640                          Options.max_open_files: -1
2023/06/05-04:55:34.735702 7fbe3bfff640                          Options.bytes_per_sync: 0
2023/06/05-04:55:34.735702 7fbe3bfff640                      Options.wal_bytes_per_sync: 0
2023/06/05-04:55:34.735703 7fbe3bfff640                   Options.strict_bytes_per_sync: 0
2023/06/05-04:55:34.735703 7fbe3bfff640       Options.compaction_readahead_size: 0
2023/06/05-04:55:34.735710 7fbe3bfff640                  Options.max_background_flushes: -1
2023/06/05-04:55:34.735711 7fbe3bfff640 Compression algorithms supported:
2023/06/05-04:55:34.735713 7fbe3bfff640 	kZSTD supported: 0
2023/06/05-04:55:34.735715 7fbe3bfff640 	kXpressCompression supported: 0
2023/06/05-04:55:34.735716 7fbe3bfff640 	kBZip2Compression supported: 0
2023/06/05-04:55:34.735717 7fbe3bfff640 	kZSTDNotFinalCompression supported: 0
2023/06/05-04:55:34.735718 7fbe3bfff640 	kLZ4Compression supported: 0
2023/06/05-04:55:34.735720 7fbe3bfff640 	kZlibCompression supported: 0
2023/06/05-04:55:34.735721 7fbe3bfff640 	kLZ4HCCompression supported: 0
2023/06/05-04:55:34.735722 7fbe3bfff640 	kSnappyCompression supported: 1
2023/06/05-04:55:34.735724 7fbe3bfff640 Fast CRC32 supported: Not supported on x86
2023/06/05-04:55:34.735774 7fbe3bfff640 [WARN] [db/db_impl/db_impl_open.cc:1841] Persisting Option File error: OK
2023/06/05-04:55:34.735782 7fbe3bfff640 [db/db_impl/db_impl.cc:462] Shutdown: canceling all background work
2023/06/05-04:55:34.735808 7fbe3bfff640 [db/db_impl/db_impl.cc:642] Shutdown complete
