2023/06/05-04:55:34.705319 7fbf013a2c40 RocksDB version: 6.20.3
2023/06/05-04:55:34.705335 7fbf013a2c40 Git sha 8608d75d85f8e1b3b64b73a4fb6d19baec61ba5c
2023/06/05-04:55:34.705337 7fbf013a2c40 Compile date 2021-05-05 20:35:30
2023/06/05-04:55:34.705366 7fbf013a2c40 DB SUMMARY
2023/06/05-04:55:34.705367 7fbf013a2c40 DB Session ID:  WL1NB3KZBB0TRGV1RGVZ
2023/06/05-04:55:34.705386 7fbf013a2c40 CURRENT file:  CURRENT
2023/06/05-04:55:34.705387 7fbf013a2c40 IDENTITY file:  IDENTITY
2023/06/05-04:55:34.705390 7fbf013a2c40 MANIFEST file:  MANIFEST-000004 size: 166 Bytes
2023/06/05-04:55:34.705392 7fbf013a2c40 SST files in 99386e30350b4c73927ef3f840feb47c.vector/2/id_tracker dir, Total Num: 0, files: 
2023/06/05-04:55:34.705394 7fbf013a2c40 Write Ahead Log file in 99386e30350b4c73927ef3f840feb47c.vector/2/id_tracker: 000005.log size: 74 ; 
2023/06/05-04:55:34.705395 7fbf013a2c40                         Options.error_if_exists: 0
2023/06/05-04:55:34.705396 7fbf013a2c40                       Options.create_if_missing: 1
2023/06/05-04:55:34.705397 7fbf013a2c40                         Options.paranoid_checks: 1
2023/06/05-04:55:34.705397 7fbf013a2c40                               Options.track_and_verify_wals_in_manifest: 0
2023/06/05-04:55:34.705398 7fbf013a2c40                                     Options.env: 0x564de9071c80
2023/06/05-04:55:34.705398 7fbf013a2c40                                      Options.fs: Posix File System
2023/06/05-04:55:34.705399 7fbf013a2c40                                Options.info_log: 0x564de9e10490
2023/06/05-04:55:34.705400 7fbf013a2c40                Options.max_file_opening_threads: 16
2023/06/05-04:55:34.705400 7fbf013a2c40                              Options.statistics: (nil)
2023/06/05-04:55:34.705401 7fbf013a2c40                               Options.use_fsync: 0
2023/06/05-04:55:34.705401 7fbf013a2c40                       Options.max_log_file_size: 0
2023/06/05-04:55:34.705402 7fbf013a2c40                  Options.max_manifest_file_size: 1073741824
2023/06/05-04:55:34.705403 7fbf013a2c40                   Options.log_file_time_to_roll: 0
2023/06/05-04:55:34.705403 7fbf013a2c40                       Options.keep_log_file_num: 1000
2023/06/05-04:55:34.705404 7fbf013a2c40                    Options.recycle_log_file_num: 0
2023/06/05-04:55:34.705404 7fbf013a2c40                         Options.allow_fallocate: 1
2023/06/05-04:55:34.705405 7fbf013a2c40                        Options.allow_mmap_reads: 0
2023/06/05-04:55:34.705405 7fbf013a2c40                       Options.allow_mmap_writes: 0
2023/06/05-04:55:34.705406 7fbf013a2c40                        Options.use_direct_reads: 0
2023/06/05-04:55:34.705406 7fbf013a2c40                        Options.use_direct_io_for_flush_and_compaction: 0
2023/06/05-04:55:34.705407 7fbf013a2c40          Options.create_missing_column_families: 1
2023/06/05-04:55:34.705408 7fbf013a2c40                              Options.db_log_dir: 
2023/06/05-04:55:34.705408 7fbf013a2c40                                 Options.wal_dir: 99386e30350b4c73927ef3f840feb47c.vector/2/id_tracker
2023/06/05-04:55:34.705409 7fbf013a2c40                Options.table_cache_numshardbits: 6
2023/06/05-04:55:34.705409 7fbf013a2c40                         Options.WAL_ttl_seconds: 0
2023/06/05-04:55:34.705410 7fbf013a2c40                       Options.WAL_size_limit_MB: 0
2023/06/05-04:55:34.705410 7fbf013a2c40                        Options.max_write_batch_group_size_bytes: 1048576
2023/06/05-04:55:34.705411 7fbf013a2c40             Options.manifest_preallocation_size: 4194304
2023/06/05-04:55:34.705411 7fbf013a2c40                     Options.is_fd_close_on_exec: 1
2023/06/05-04:55:34.705412 7fbf013a2c40                   Options.advise_random_on_open: 1
2023/06/05-04:55:34.705413 7fbf013a2c40                    Options.db_write_buffer_size: 0
2023/06/05-04:55:34.705413 7fbf013a2c40                    Options.write_buffer_manager: 0x564de9e72710
2023/06/05-04:55:34.705414 7fbf013a2c40         Options.access_hint_on_compaction_start: 1
2023/06/05-04:55:34.705414 7fbf013a2c40  Options.new_table_reader_for_compaction_inputs: 0
2023/06/05-04:55:34.705415 7fbf013a2c40           Options.random_access_max_buffer_size: 1048576
2023/06/05-04:55:34.705422 7fbf013a2c40                      Options.use_adaptive_mutex: 0
2023/06/05-04:55:34.705422 7fbf013a2c40                            Options.rate_limiter: (nil)
2023/06/05-04:55:34.705423 7fbf013a2c40     Options.sst_file_manager.rate_bytes_per_sec: 0
2023/06/05-04:55:34.705424 7fbf013a2c40                       Options.wal_recovery_mode: 2
2023/06/05-04:55:34.705424 7fbf013a2c40                  Options.enable_thread_tracking: 0
2023/06/05-04:55:34.705425 7fbf013a2c40                  Options.enable_pipelined_write: 0
2023/06/05-04:55:34.705425 7fbf013a2c40                  Options.unordered_write: 0
2023/06/05-04:55:34.705426 7fbf013a2c40         Options.allow_concurrent_memtable_write: 1
2023/06/05-04:55:34.705426 7fbf013a2c40      Options.enable_write_thread_adaptive_yield: 1
2023/06/05-04:55:34.705427 7fbf013a2c40             Options.write_thread_max_yield_usec: 100
2023/06/05-04:55:34.705427 7fbf013a2c40            Options.write_thread_slow_yield_usec: 3
2023/06/05-04:55:34.705428 7fbf013a2c40                               Options.row_cache: None
2023/06/05-04:55:34.705428 7fbf013a2c40                              Options.wal_filter: None
2023/06/05-04:55:34.705429 7fbf013a2c40             Options.avoid_flush_during_recovery: 0
2023/06/05-04:55:34.705430 7fbf013a2c40             Options.allow_ingest_behind: 0
2023/06/05-04:55:34.705430 7fbf013a2c40             Options.preserve_deletes: 0
2023/06/05-04:55:34.705431 7fbf013a2c40             Options.two_write_queues: 0
2023/06/05-04:55:34.705431 7fbf013a2c40             Options.manual_wal_flush: 0
2023/06/05-04:55:34.705432 7fbf013a2c40             Options.atomic_flush: 0
2023/06/05-04:55:34.705432 7fbf013a2c40             Options.avoid_unnecessary_blocking_io: 0
2023/06/05-04:55:34.705433 7fbf013a2c40                 Options.persist_stats_to_disk: 0
2023/06/05-04:55:34.705433 7fbf013a2c40                 Options.write_dbid_to_manifest: 0
2023/06/05-04:55:34.705434 7fbf013a2c40                 Options.log_readahead_size: 0
2023/06/05-04:55:34.705434 7fbf013a2c40                 Options.file_checksum_gen_factory: Unknown
2023/06/05-04:55:34.705435 7fbf013a2c40                 Options.best_efforts_recovery: 0
2023/06/05-04:55:34.705435 7fbf013a2c40                Options.max_bgerror_resume_count: 2147483647
2023/06/05-04:55:34.705436 7fbf013a2c40            Options.bgerror_resume_retry_interval: 1000000
2023/06/05-04:55:34.705436 7fbf013a2c40             Options.allow_data_in_errors: 0
2023/06/05-04:55:34.705437 7fbf013a2c40             Options.db_host_id: __hostname__
2023/06/05-04:55:34.705438 7fbf013a2c40             Options.max_background_jobs: 2
2023/06/05-04:55:34.705438 7fbf013a2c40             Options.max_background_compactions: -1
2023/06/05-04:55:34.705439 7fbf013a2c40             Options.max_subcompactions: 1
2023/06/05-04:55:34.705440 7fbf013a2c40             Options.avoid_flush_during_shutdown: 0
2023/06/05-04:55:34.705441 7fbf013a2c40           Options.writable_file_max_buffer_size: 1048576
2023/06/05-04:55:34.705442 7fbf013a2c40             Options.delayed_write_rate : 16777216
2023/06/05-04:55:34.705452 7fbf013a2c40             Options.max_total_wal_size: 0
2023/06/05-04:55:34.705453 7fbf013a2c40             Options.delete_obsolete_files_period_micros: 21600000000
2023/06/05-04:55:34.705454 7fbf013a2c40                   Options.stats_dump_period_sec: 600
2023/06/05-04:55:34.705455 7fbf013a2c40                 Options.stats_persist_period_sec: 600
2023/06/05-04:55:34.705456 7fbf013a2c40                 Options.stats_history_buffer_size: 1048576
2023/06/05-04:55:34.705457 7fbf013a2c40                          Options.max_open_files: -1
2023/06/05-04:55:34.705458 7fbf013a2c40                          Options.bytes_per_sync: 0
2023/06/05-04:55:34.705459 7fbf013a2c40                      Options.wal_bytes_per_sync: 0
2023/06/05-04:55:34.705460 7fbf013a2c40                   Options.strict_bytes_per_sync: 0
2023/06/05-04:55:34.705461 7fbf013a2c40       Options.compaction_readahead_size: 0
2023/06/05-04:55:34.705468 7fbf013a2c40                  Options.max_background_flushes: -1
2023/06/05-04:55:34.705470 7fbf013a2c40 Compression algorithms supported:
2023/06/05-04:55:34.705471 7fbf013a2c40 	kZSTD supported: 0
2023/06/05-04:55:34.705473 7fbf013a2c40 	kXpressCompression supported: 0
2023/06/05-04:55:34.705474 7fbf013a2c40 	kBZip2Compression supported: 0
2023/06/05-04:55:34.705475 7fbf013a2c40 	kZSTDNotFinalCompression supported: 0
2023/06/05-04:55:34.705476 7fbf013a2c40 	kLZ4Compression supported: 0
2023/06/05-04:55:34.705477 7fbf013a2c40 	kZlibCompression supported: 0
2023/06/05-04:55:34.705479 7fbf013a2c40 	kLZ4HCCompression supported: 0
2023/06/05-04:55:34.705480 7fbf013a2c40 	kSnappyCompression supported: 1
2023/06/05-04:55:34.705482 7fbf013a2c40 Fast CRC32 supported: Not supported on x86
2023/06/05-04:55:34.705538 7fbf013a2c40 [db/version_set.cc:4626] Recovering from manifest file: 99386e30350b4c73927ef3f840feb47c.vector/2/id_tracker/MANIFEST-000004
2023/06/05-04:55:34.705644 7fbf013a2c40 [db/column_family.cc:596] --------------- Options for column family [default]:
2023/06/05-04:55:34.705647 7fbf013a2c40               Options.comparator: leveldb.BytewiseComparator
2023/06/05-04:55:34.705648 7fbf013a2c40           Options.merge_operator: None
2023/06/05-04:55:34.705648 7fbf013a2c40        Options.compaction_filter: None
2023/06/05-04:55:34.705649 7fbf013a2c40        Options.compaction_filter_factory: None
2023/06/05-04:55:34.705649 7fbf013a2c40  Options.sst_partitioner_factory: None
2023/06/05-04:55:34.705650 7fbf013a2c40         Options.memtable_factory: SkipListFactory
2023/06/05-04:55:34.705651 7fbf013a2c40            Options.table_factory: BlockBasedTable
2023/06/05-04:55:34.705666 7fbf013a2c40            table_factory options:   flush_block_policy_factory: FlushBlockBySizePolicyFactory (0x564de9e0f980)
  cache_index_and_filter_blocks: 0
  cache_index_and_filter_blocks_with_high_priority: 1
  pin_l0_filter_and_index_blocks_in_cache: 0
  pin_top_level_index_and_filter: 1
  index_type: 0
  data_block_index_type: 0
  index_shortening: 1
  data_block_hash_table_util_ratio: 0.750000
  hash_index_allow_collision: 1
  checksum: 1
  no_block_cache: 0
  block_cache: 0x564de9e0f9d0
  block_cache_name: LRUCache
  block_cache_options:
    capacity : 8388608
    num_shard_bits : 4
    strict_capacity_limit : 0
    memory_allocator : None
    high_pri_pool_ratio: 0.000
  block_cache_compressed: (nil)
  persistent_cache: (nil)
  block_size: 4096
  block_size_deviation: 10
  block_restart_interval: 16
  index_block_restart_interval: 1
  metadata_block_size: 4096
  partition_filters: 0
  use_delta_encoding: 1
  filter_policy: nullptr
  whole_key_filtering: 1
  verify_compression: 0
  read_amp_bytes_per_bit: 0
  format_version: 5
  enable_index_compression: 1
  block_align: 0
2023/06/05-04:55:34.705667 7fbf013a2c40        Options.write_buffer_size: 67108864
2023/06/05-04:55:34.705668 7fbf013a2c40  Options.max_write_buffer_number: 2
2023/06/05-04:55:34.705669 7fbf013a2c40          Options.compression: Snappy
2023/06/05-04:55:34.705669 7fbf013a2c40                  Options.bottommost_compression: Disabled
2023/06/05-04:55:34.705670 7fbf013a2c40       Options.prefix_extractor: nullptr
2023/06/05-04:55:34.705670 7fbf013a2c40   Options.memtable_insert_with_hint_prefix_extractor: nullptr
2023/06/05-04:55:34.705671 7fbf013a2c40             Options.num_levels: 7
2023/06/05-04:55:34.705671 7fbf013a2c40        Options.min_write_buffer_number_to_merge: 1
2023/06/05-04:55:34.705672 7fbf013a2c40     Options.max_write_buffer_number_to_maintain: 0
2023/06/05-04:55:34.705672 7fbf013a2c40     Options.max_write_buffer_size_to_maintain: 0
2023/06/05-04:55:34.705673 7fbf013a2c40            Options.bottommost_compression_opts.window_bits: -14
2023/06/05-04:55:34.705674 7fbf013a2c40                  Options.bottommost_compression_opts.level: 32767
2023/06/05-04:55:34.705674 7fbf013a2c40               Options.bottommost_compression_opts.strategy: 0
2023/06/05-04:55:34.705675 7fbf013a2c40         Options.bottommost_compression_opts.max_dict_bytes: 0
2023/06/05-04:55:34.705682 7fbf013a2c40         Options.bottommost_compression_opts.zstd_max_train_bytes: 0
2023/06/05-04:55:34.705683 7fbf013a2c40         Options.bottommost_compression_opts.parallel_threads: 1
2023/06/05-04:55:34.705683 7fbf013a2c40                  Options.bottommost_compression_opts.enabled: false
2023/06/05-04:55:34.705684 7fbf013a2c40         Options.bottommost_compression_opts.max_dict_buffer_bytes: 0
2023/06/05-04:55:34.705685 7fbf013a2c40            Options.compression_opts.window_bits: -14
2023/06/05-04:55:34.705685 7fbf013a2c40                  Options.compression_opts.level: 32767
2023/06/05-04:55:34.705686 7fbf013a2c40               Options.compression_opts.strategy: 0
2023/06/05-04:55:34.705686 7fbf013a2c40         Options.compression_opts.max_dict_bytes: 0
2023/06/05-04:55:34.705687 7fbf013a2c40         Options.compression_opts.zstd_max_train_bytes: 0
2023/06/05-04:55:34.705687 7fbf013a2c40         Options.compression_opts.parallel_threads: 1
2023/06/05-04:55:34.705688 7fbf013a2c40                  Options.compression_opts.enabled: false
2023/06/05-04:55:34.705688 7fbf013a2c40         Options.compression_opts.max_dict_buffer_bytes: 0
2023/06/05-04:55:34.705689 7fbf013a2c40      Options.level0_file_num_compaction_trigger: 4
2023/06/05-04:55:34.705689 7fbf013a2c40          Options.level0_slowdown_writes_trigger: 20
2023/06/05-04:55:34.705690 7fbf013a2c40              Options.level0_stop_writes_trigger: 36
2023/06/05-04:55:34.705690 7fbf013a2c40                   Options.target_file_size_base: 67108864
2023/06/05-04:55:34.705691 7fbf013a2c40             Options.target_file_size_multiplier: 1
2023/06/05-04:55:34.705692 7fbf013a2c40                Options.max_bytes_for_level_base: 268435456
2023/06/05-04:55:34.705692 7fbf013a2c40 Options.level_compaction_dynamic_level_bytes: 0
2023/06/05-04:55:34.705693 7fbf013a2c40          Options.max_bytes_for_level_multiplier: 10.000000
2023/06/05-04:55:34.705694 7fbf013a2c40 Options.max_bytes_for_level_multiplier_addtl[0]: 1
2023/06/05-04:55:34.705695 7fbf013a2c40 Options.max_bytes_for_level_multiplier_addtl[1]: 1
2023/06/05-04:55:34.705695 7fbf013a2c40 Options.max_bytes_for_level_multiplier_addtl[2]: 1
2023/06/05-04:55:34.705696 7fbf013a2c40 Options.max_bytes_for_level_multiplier_addtl[3]: 1
2023/06/05-04:55:34.705696 7fbf013a2c40 Options.max_bytes_for_level_multiplier_addtl[4]: 1
2023/06/05-04:55:34.705697 7fbf013a2c40 Options.max_bytes_for_level_multiplier_addtl[5]: 1
2023/06/05-04:55:34.705698 7fbf013a2c40 Options.max_bytes_for_level_multiplier_addtl[6]: 1
2023/06/05-04:55:34.705698 7fbf013a2c40       Options.max_sequential_skip_in_iterations: 8
2023/06/05-04:55:34.705699 7fbf013a2c40                    Options.max_compaction_bytes: 1677721600
2023/06/05-04:55:34.705699 7fbf013a2c40                        Options.arena_block_size: 8388608
2023/06/05-04:55:34.705700 7fbf013a2c40   Options.soft_pending_compaction_bytes_limit: 68719476736
2023/06/05-04:55:34.705700 7fbf013a2c40   Options.hard_pending_compaction_bytes_limit: 274877906944
2023/06/05-04:55:34.705701 7fbf013a2c40       Options.rate_limit_delay_max_milliseconds: 100
2023/06/05-04:55:34.705702 7fbf013a2c40                Options.disable_auto_compactions: 0
2023/06/05-04:55:34.705703 7fbf013a2c40                        Options.compaction_style: kCompactionStyleLevel
2023/06/05-04:55:34.705704 7fbf013a2c40                          Options.compaction_pri: kMinOverlappingRatio
2023/06/05-04:55:34.705705 7fbf013a2c40 Options.compaction_options_universal.size_ratio: 1
2023/06/05-04:55:34.705705 7fbf013a2c40 Options.compaction_options_universal.min_merge_width: 2
2023/06/05-04:55:34.705706 7fbf013a2c40 Options.compaction_options_universal.max_merge_width: 4294967295
2023/06/05-04:55:34.705706 7fbf013a2c40 Options.compaction_options_universal.max_size_amplification_percent: 200
2023/06/05-04:55:34.705707 7fbf013a2c40 Options.compaction_options_universal.compression_size_percent: -1
2023/06/05-04:55:34.705708 7fbf013a2c40 Options.compaction_options_universal.stop_style: kCompactionStopStyleTotalSize
2023/06/05-04:55:34.705711 7fbf013a2c40 Options.compaction_options_fifo.max_table_files_size: 1073741824
2023/06/05-04:55:34.705712 7fbf013a2c40 Options.compaction_options_fifo.allow_compaction: 0
2023/06/05-04:55:34.705714 7fbf013a2c40                   Options.table_properties_collectors: 
2023/06/05-04:55:34.705715 7fbf013a2c40                   Options.inplace_update_support: 0
2023/06/05-04:55:34.705716 7fbf013a2c40                 Options.inplace_update_num_locks: 10000
2023/06/05-04:55:34.705716 7fbf013a2c40               Options.memtable_prefix_bloom_size_ratio: 0.000000
2023/06/05-04:55:34.705717 7fbf013a2c40               Options.memtable_whole_key_filtering: 0
2023/06/05-04:55:34.705718 7fbf013a2c40   Options.memtable_huge_page_size: 0
2023/06/05-04:55:34.705718 7fbf013a2c40                           Options.bloom_locality: 0
2023/06/05-04:55:34.705719 7fbf013a2c40                    Options.max_successive_merges: 0
2023/06/05-04:55:34.705719 7fbf013a2c40                Options.optimize_filters_for_hits: 0
2023/06/05-04:55:34.705720 7fbf013a2c40                Options.paranoid_file_checks: 0
2023/06/05-04:55:34.705720 7fbf013a2c40                Options.force_consistency_checks: 1
2023/06/05-04:55:34.705721 7fbf013a2c40                Options.report_bg_io_stats: 0
2023/06/05-04:55:34.705721 7fbf013a2c40                               Options.ttl: 2592000
2023/06/05-04:55:34.705722 7fbf013a2c40          Options.periodic_compaction_seconds: 0
2023/06/05-04:55:34.705722 7fbf013a2c40                    Options.enable_blob_files: false
2023/06/05-04:55:34.705723 7fbf013a2c40                        Options.min_blob_size: 0
2023/06/05-04:55:34.705723 7fbf013a2c40                       Options.blob_file_size: 268435456
2023/06/05-04:55:34.705724 7fbf013a2c40                Options.blob_compression_type: NoCompression
2023/06/05-04:55:34.705725 7fbf013a2c40       Options.enable_blob_garbage_collection: false
2023/06/05-04:55:34.705725 7fbf013a2c40   Options.blob_garbage_collection_age_cutoff: 0.250000
2023/06/05-04:55:34.705829 7fbf013a2c40 [db/column_family.cc:596] --------------- Options for column family [mapping]:
2023/06/05-04:55:34.705831 7fbf013a2c40               Options.comparator: leveldb.BytewiseComparator
2023/06/05-04:55:34.705832 7fbf013a2c40           Options.merge_operator: None
2023/06/05-04:55:34.705833 7fbf013a2c40        Options.compaction_filter: None
2023/06/05-04:55:34.705834 7fbf013a2c40        Options.compaction_filter_factory: None
2023/06/05-04:55:34.705834 7fbf013a2c40  Options.sst_partitioner_factory: None
2023/06/05-04:55:34.705835 7fbf013a2c40         Options.memtable_factory: SkipListFactory
2023/06/05-04:55:34.705835 7fbf013a2c40            Options.table_factory: BlockBasedTable
2023/06/05-04:55:34.705849 7fbf013a2c40            table_factory options:   flush_block_policy_factory: FlushBlockBySizePolicyFactory (0x564de9e128b0)
  cache_index_and_filter_blocks: 0
  cache_index_and_filter_blocks_with_high_priority: 1
  pin_l0_filter_and_index_blocks_in_cache: 0
  pin_top_level_index_and_filter: 1
  index_type: 0
  data_block_index_type: 0
  index_shortening: 1
  data_block_hash_table_util_ratio: 0.750000
  hash_index_allow_collision: 1
  checksum: 1
  no_block_cache: 0
  block_cache: 0x564de9e13110
  block_cache_name: LRUCache
  block_cache_options:
    capacity : 8388608
    num_shard_bits : 4
    strict_capacity_limit : 0
    memory_allocator : None
    high_pri_pool_ratio: 0.000
  block_cache_compressed: (nil)
  persistent_cache: (nil)
  block_size: 4096
  block_size_deviation: 10
  block_restart_interval: 16
  index_block_restart_interval: 1
  metadata_block_size: 4096
  partition_filters: 0
  use_delta_encoding: 1
  filter_policy: nullptr
  whole_key_filtering: 1
  verify_compression: 0
  read_amp_bytes_per_bit: 0
  format_version: 5
  enable_index_compression: 1
  block_align: 0
2023/06/05-04:55:34.705850 7fbf013a2c40        Options.write_buffer_size: 67108864
2023/06/05-04:55:34.705851 7fbf013a2c40  Options.max_write_buffer_number: 2
2023/06/05-04:55:34.705852 7fbf013a2c40          Options.compression: Snappy
2023/06/05-04:55:34.705859 7fbf013a2c40                  Options.bottommost_compression: Disabled
2023/06/05-04:55:34.705860 7fbf013a2c40       Options.prefix_extractor: nullptr
2023/06/05-04:55:34.705861 7fbf013a2c40   Options.memtable_insert_with_hint_prefix_extractor: nullptr
2023/06/05-04:55:34.705861 7fbf013a2c40             Options.num_levels: 7
2023/06/05-04:55:34.705862 7fbf013a2c40        Options.min_write_buffer_number_to_merge: 1
2023/06/05-04:55:34.705862 7fbf013a2c40     Options.max_write_buffer_number_to_maintain: 0
2023/06/05-04:55:34.705863 7fbf013a2c40     Options.max_write_buffer_size_to_maintain: 0
2023/06/05-04:55:34.705863 7fbf013a2c40            Options.bottommost_compression_opts.window_bits: -14
2023/06/05-04:55:34.705864 7fbf013a2c40                  Options.bottommost_compression_opts.level: 32767
2023/06/05-04:55:34.705864 7fbf013a2c40               Options.bottommost_compression_opts.strategy: 0
2023/06/05-04:55:34.705865 7fbf013a2c40         Options.bottommost_compression_opts.max_dict_bytes: 0
2023/06/05-04:55:34.705865 7fbf013a2c40         Options.bottommost_compression_opts.zstd_max_train_bytes: 0
2023/06/05-04:55:34.705866 7fbf013a2c40         Options.bottommost_compression_opts.parallel_threads: 1
2023/06/05-04:55:34.705867 7fbf013a2c40                  Options.bottommost_compression_opts.enabled: false
2023/06/05-04:55:34.705867 7fbf013a2c40         Options.bottommost_compression_opts.max_dict_buffer_bytes: 0
2023/06/05-04:55:34.705868 7fbf013a2c40            Options.compression_opts.window_bits: -14
2023/06/05-04:55:34.705868 7fbf013a2c40                  Options.compression_opts.level: 32767
2023/06/05-04:55:34.705869 7fbf013a2c40               Options.compression_opts.strategy: 0
2023/06/05-04:55:34.705869 7fbf013a2c40         Options.compression_opts.max_dict_bytes: 0
2023/06/05-04:55:34.705870 7fbf013a2c40         Options.compression_opts.zstd_max_train_bytes: 0
2023/06/05-04:55:34.705870 7fbf013a2c40         Options.compression_opts.parallel_threads: 1
2023/06/05-04:55:34.705871 7fbf013a2c40                  Options.compression_opts.enabled: false
2023/06/05-04:55:34.705871 7fbf013a2c40         Options.compression_opts.max_dict_buffer_bytes: 0
2023/06/05-04:55:34.705872 7fbf013a2c40      Options.level0_file_num_compaction_trigger: 4
2023/06/05-04:55:34.705872 7fbf013a2c40          Options.level0_slowdown_writes_trigger: 20
2023/06/05-04:55:34.705873 7fbf013a2c40              Options.level0_stop_writes_trigger: 36
2023/06/05-04:55:34.705873 7fbf013a2c40                   Options.target_file_size_base: 67108864
2023/06/05-04:55:34.705874 7fbf013a2c40             Options.target_file_size_multiplier: 1
2023/06/05-04:55:34.705875 7fbf013a2c40                Options.max_bytes_for_level_base: 268435456
2023/06/05-04:55:34.705875 7fbf013a2c40 Options.level_compaction_dynamic_level_bytes: 0
2023/06/05-04:55:34.705876 7fbf013a2c40          Options.max_bytes_for_level_multiplier: 10.000000
2023/06/05-04:55:34.705877 7fbf013a2c40 Options.max_bytes_for_level_multiplier_addtl[0]: 1
2023/06/05-04:55:34.705878 7fbf013a2c40 Options.max_bytes_for_level_multiplier_addtl[1]: 1
2023/06/05-04:55:34.705878 7fbf013a2c40 Options.max_bytes_for_level_multiplier_addtl[2]: 1
2023/06/05-04:55:34.705879 7fbf013a2c40 Options.max_bytes_for_level_multiplier_addtl[3]: 1
2023/06/05-04:55:34.705879 7fbf013a2c40 Options.max_bytes_for_level_multiplier_addtl[4]: 1
2023/06/05-04:55:34.705880 7fbf013a2c40 Options.max_bytes_for_level_multiplier_addtl[5]: 1
2023/06/05-04:55:34.705880 7fbf013a2c40 Options.max_bytes_for_level_multiplier_addtl[6]: 1
2023/06/05-04:55:34.705881 7fbf013a2c40       Options.max_sequential_skip_in_iterations: 8
2023/06/05-04:55:34.705881 7fbf013a2c40                    Options.max_compaction_bytes: 1677721600
2023/06/05-04:55:34.705882 7fbf013a2c40                        Options.arena_block_size: 8388608
2023/06/05-04:55:34.705882 7fbf013a2c40   Options.soft_pending_compaction_bytes_limit: 68719476736
2023/06/05-04:55:34.705883 7fbf013a2c40   Options.hard_pending_compaction_bytes_limit: 274877906944
2023/06/05-04:55:34.705887 7fbf013a2c40       Options.rate_limit_delay_max_milliseconds: 100
2023/06/05-04:55:34.705887 7fbf013a2c40                Options.disable_auto_compactions: 0
2023/06/05-04:55:34.705889 7fbf013a2c40                        Options.compaction_style: kCompactionStyleLevel
2023/06/05-04:55:34.705890 7fbf013a2c40                          Options.compaction_pri: kMinOverlappingRatio
2023/06/05-04:55:34.705890 7fbf013a2c40 Options.compaction_options_universal.size_ratio: 1
2023/06/05-04:55:34.705891 7fbf013a2c40 Options.compaction_options_universal.min_merge_width: 2
2023/06/05-04:55:34.705891 7fbf013a2c40 Options.compaction_options_universal.max_merge_width: 4294967295
2023/06/05-04:55:34.705892 7fbf013a2c40 Options.compaction_options_universal.max_size_amplification_percent: 200
2023/06/05-04:55:34.705892 7fbf013a2c40 Options.compaction_options_universal.compression_size_percent: -1
2023/06/05-04:55:34.705893 7fbf013a2c40 Options.compaction_options_universal.stop_style: kCompactionStopStyleTotalSize
2023/06/05-04:55:34.705894 7fbf013a2c40 Options.compaction_options_fifo.max_table_files_size: 1073741824
2023/06/05-04:55:34.705894 7fbf013a2c40 Options.compaction_options_fifo.allow_compaction: 0
2023/06/05-04:55:34.705897 7fbf013a2c40                   Options.table_properties_collectors: 
2023/06/05-04:55:34.705897 7fbf013a2c40                   Options.inplace_update_support: 0
2023/06/05-04:55:34.705898 7fbf013a2c40                 Options.inplace_update_num_locks: 10000
2023/06/05-04:55:34.705898 7fbf013a2c40               Options.memtable_prefix_bloom_size_ratio: 0.000000
2023/06/05-04:55:34.705899 7fbf013a2c40               Options.memtable_whole_key_filtering: 0
2023/06/05-04:55:34.705900 7fbf013a2c40   Options.memtable_huge_page_size: 0
2023/06/05-04:55:34.705900 7fbf013a2c40                           Options.bloom_locality: 0
2023/06/05-04:55:34.705901 7fbf013a2c40                    Options.max_successive_merges: 0
2023/06/05-04:55:34.705901 7fbf013a2c40                Options.optimize_filters_for_hits: 0
2023/06/05-04:55:34.705902 7fbf013a2c40                Options.paranoid_file_checks: 0
2023/06/05-04:55:34.705902 7fbf013a2c40                Options.force_consistency_checks: 1
2023/06/05-04:55:34.705903 7fbf013a2c40                Options.report_bg_io_stats: 0
2023/06/05-04:55:34.705903 7fbf013a2c40                               Options.ttl: 2592000
2023/06/05-04:55:34.705904 7fbf013a2c40          Options.periodic_compaction_seconds: 0
2023/06/05-04:55:34.705904 7fbf013a2c40                    Options.enable_blob_files: false
2023/06/05-04:55:34.705905 7fbf013a2c40                        Options.min_blob_size: 0
2023/06/05-04:55:34.705906 7fbf013a2c40                       Options.blob_file_size: 268435456
2023/06/05-04:55:34.705906 7fbf013a2c40                Options.blob_compression_type: NoCompression
2023/06/05-04:55:34.705907 7fbf013a2c40       Options.enable_blob_garbage_collection: false
2023/06/05-04:55:34.705907 7fbf013a2c40   Options.blob_garbage_collection_age_cutoff: 0.250000
2023/06/05-04:55:34.706008 7fbf013a2c40 [db/column_family.cc:596] --------------- Options for column family [versions]:
2023/06/05-04:55:34.706011 7fbf013a2c40               Options.comparator: leveldb.BytewiseComparator
2023/06/05-04:55:34.706012 7fbf013a2c40           Options.merge_operator: None
2023/06/05-04:55:34.706013 7fbf013a2c40        Options.compaction_filter: None
2023/06/05-04:55:34.706013 7fbf013a2c40        Options.compaction_filter_factory: None
2023/06/05-04:55:34.706014 7fbf013a2c40  Options.sst_partitioner_factory: None
2023/06/05-04:55:34.706014 7fbf013a2c40         Options.memtable_factory: SkipListFactory
2023/06/05-04:55:34.706015 7fbf013a2c40            Options.table_factory: BlockBasedTable
2023/06/05-04:55:34.706026 7fbf013a2c40            table_factory options:   flush_block_policy_factory: FlushBlockBySizePolicyFactory (0x564de9e87540)
  cache_index_and_filter_blocks: 0
  cache_index_and_filter_blocks_with_high_priority: 1
  pin_l0_filter_and_index_blocks_in_cache: 0
  pin_top_level_index_and_filter: 1
  index_type: 0
  data_block_index_type: 0
  index_shortening: 1
  data_block_hash_table_util_ratio: 0.750000
  hash_index_allow_collision: 1
  checksum: 1
  no_block_cache: 0
  block_cache: 0x564de9e87590
  block_cache_name: LRUCache
  block_cache_options:
    capacity : 8388608
    num_shard_bits : 4
    strict_capacity_limit : 0
    memory_allocator : None
    high_pri_pool_ratio: 0.000
  block_cache_compressed: (nil)
  persistent_cache: (nil)
  block_size: 4096
  block_size_deviation: 10
  block_restart_interval: 16
  index_block_restart_interval: 1
  metadata_block_size: 4096
  partition_filters: 0
  use_delta_encoding: 1
  filter_policy: nullptr
  whole_key_filtering: 1
  verify_compression: 0
  read_amp_bytes_per_bit: 0
  format_version: 5
  enable_index_compression: 1
  block_align: 0
2023/06/05-04:55:34.706036 7fbf013a2c40        Options.write_buffer_size: 67108864
2023/06/05-04:55:34.706037 7fbf013a2c40  Options.max_write_buffer_number: 2
2023/06/05-04:55:34.706038 7fbf013a2c40          Options.compression: Snappy
2023/06/05-04:55:34.706038 7fbf013a2c40                  Options.bottommost_compression: Disabled
2023/06/05-04:55:34.706039 7fbf013a2c40       Options.prefix_extractor: nullptr
2023/06/05-04:55:34.706040 7fbf013a2c40   Options.memtable_insert_with_hint_prefix_extractor: nullptr
2023/06/05-04:55:34.706040 7fbf013a2c40             Options.num_levels: 7
2023/06/05-04:55:34.706041 7fbf013a2c40        Options.min_write_buffer_number_to_merge: 1
2023/06/05-04:55:34.706041 7fbf013a2c40     Options.max_write_buffer_number_to_maintain: 0
2023/06/05-04:55:34.706042 7fbf013a2c40     Options.max_write_buffer_size_to_maintain: 0
2023/06/05-04:55:34.706042 7fbf013a2c40            Options.bottommost_compression_opts.window_bits: -14
2023/06/05-04:55:34.706043 7fbf013a2c40                  Options.bottommost_compression_opts.level: 32767
2023/06/05-04:55:34.706043 7fbf013a2c40               Options.bottommost_compression_opts.strategy: 0
2023/06/05-04:55:34.706044 7fbf013a2c40         Options.bottommost_compression_opts.max_dict_bytes: 0
2023/06/05-04:55:34.706044 7fbf013a2c40         Options.bottommost_compression_opts.zstd_max_train_bytes: 0
2023/06/05-04:55:34.706045 7fbf013a2c40         Options.bottommost_compression_opts.parallel_threads: 1
2023/06/05-04:55:34.706046 7fbf013a2c40                  Options.bottommost_compression_opts.enabled: false
2023/06/05-04:55:34.706046 7fbf013a2c40         Options.bottommost_compression_opts.max_dict_buffer_bytes: 0
2023/06/05-04:55:34.706047 7fbf013a2c40            Options.compression_opts.window_bits: -14
2023/06/05-04:55:34.706047 7fbf013a2c40                  Options.compression_opts.level: 32767
2023/06/05-04:55:34.706048 7fbf013a2c40               Options.compression_opts.strategy: 0
2023/06/05-04:55:34.706048 7fbf013a2c40         Options.compression_opts.max_dict_bytes: 0
2023/06/05-04:55:34.706049 7fbf013a2c40         Options.compression_opts.zstd_max_train_bytes: 0
2023/06/05-04:55:34.706049 7fbf013a2c40         Options.compression_opts.parallel_threads: 1
2023/06/05-04:55:34.706050 7fbf013a2c40                  Options.compression_opts.enabled: false
2023/06/05-04:55:34.706050 7fbf013a2c40         Options.compression_opts.max_dict_buffer_bytes: 0
2023/06/05-04:55:34.706051 7fbf013a2c40      Options.level0_file_num_compaction_trigger: 4
2023/06/05-04:55:34.706051 7fbf013a2c40          Options.level0_slowdown_writes_trigger: 20
2023/06/05-04:55:34.706052 7fbf013a2c40              Options.level0_stop_writes_trigger: 36
2023/06/05-04:55:34.706053 7fbf013a2c40                   Options.target_file_size_base: 67108864
2023/06/05-04:55:34.706053 7fbf013a2c40             Options.target_file_size_multiplier: 1
2023/06/05-04:55:34.706054 7fbf013a2c40                Options.max_bytes_for_level_base: 268435456
2023/06/05-04:55:34.706054 7fbf013a2c40 Options.level_compaction_dynamic_level_bytes: 0
2023/06/05-04:55:34.706055 7fbf013a2c40          Options.max_bytes_for_level_multiplier: 10.000000
2023/06/05-04:55:34.706059 7fbf013a2c40 Options.max_bytes_for_level_multiplier_addtl[0]: 1
2023/06/05-04:55:34.706059 7fbf013a2c40 Options.max_bytes_for_level_multiplier_addtl[1]: 1
2023/06/05-04:55:34.706060 7fbf013a2c40 Options.max_bytes_for_level_multiplier_addtl[2]: 1
2023/06/05-04:55:34.706060 7fbf013a2c40 Options.max_bytes_for_level_multiplier_addtl[3]: 1
2023/06/05-04:55:34.706061 7fbf013a2c40 Options.max_bytes_for_level_multiplier_addtl[4]: 1
2023/06/05-04:55:34.706061 7fbf013a2c40 Options.max_bytes_for_level_multiplier_addtl[5]: 1
2023/06/05-04:55:34.706062 7fbf013a2c40 Options.max_bytes_for_level_multiplier_addtl[6]: 1
2023/06/05-04:55:34.706062 7fbf013a2c40       Options.max_sequential_skip_in_iterations: 8
2023/06/05-04:55:34.706063 7fbf013a2c40                    Options.max_compaction_bytes: 1677721600
2023/06/05-04:55:34.706064 7fbf013a2c40                        Options.arena_block_size: 8388608
2023/06/05-04:55:34.706064 7fbf013a2c40   Options.soft_pending_compaction_bytes_limit: 68719476736
2023/06/05-04:55:34.706065 7fbf013a2c40   Options.hard_pending_compaction_bytes_limit: 274877906944
2023/06/05-04:55:34.706065 7fbf013a2c40       Options.rate_limit_delay_max_milliseconds: 100
2023/06/05-04:55:34.706066 7fbf013a2c40                Options.disable_auto_compactions: 0
2023/06/05-04:55:34.706067 7fbf013a2c40                        Options.compaction_style: kCompactionStyleLevel
2023/06/05-04:55:34.706068 7fbf013a2c40                          Options.compaction_pri: kMinOverlappingRatio
2023/06/05-04:55:34.706069 7fbf013a2c40 Options.compaction_options_universal.size_ratio: 1
2023/06/05-04:55:34.706069 7fbf013a2c40 Options.compaction_options_universal.min_merge_width: 2
2023/06/05-04:55:34.706070 7fbf013a2c40 Options.compaction_options_universal.max_merge_width: 4294967295
2023/06/05-04:55:34.706070 7fbf013a2c40 Options.compaction_options_universal.max_size_amplification_percent: 200
2023/06/05-04:55:34.706071 7fbf013a2c40 Options.compaction_options_universal.compression_size_percent: -1
2023/06/05-04:55:34.706072 7fbf013a2c40 Options.compaction_options_universal.stop_style: kCompactionStopStyleTotalSize
2023/06/05-04:55:34.706073 7fbf013a2c40 Options.compaction_options_fifo.max_table_files_size: 1073741824
2023/06/05-04:55:34.706073 7fbf013a2c40 Options.compaction_options_fifo.allow_compaction: 0
2023/06/05-04:55:34.706076 7fbf013a2c40                   Options.table_properties_collectors: 
2023/06/05-04:55:34.706076 7fbf013a2c40                   Options.inplace_update_support: 0
2023/06/05-04:55:34.706077 7fbf013a2c40                 Options.inplace_update_num_locks: 10000
2023/06/05-04:55:34.706077 7fbf013a2c40               Options.memtable_prefix_bloom_size_ratio: 0.000000
2023/06/05-04:55:34.706078 7fbf013a2c40               Options.memtable_whole_key_filtering: 0
2023/06/05-04:55:34.706079 7fbf013a2c40   Options.memtable_huge_page_size: 0
2023/06/05-04:55:34.706079 7fbf013a2c40                           Options.bloom_locality: 0
2023/06/05-04:55:34.706080 7fbf013a2c40                    Options.max_successive_merges: 0
2023/06/05-04:55:34.706080 7fbf013a2c40                Options.optimize_filters_for_hits: 0
2023/06/05-04:55:34.706081 7fbf013a2c40                Options.paranoid_file_checks: 0
2023/06/05-04:55:34.706081 7fbf013a2c40                Options.force_consistency_checks: 1
2023/06/05-04:55:34.706082 7fbf013a2c40                Options.report_bg_io_stats: 0
2023/06/05-04:55:34.706082 7fbf013a2c40                               Options.ttl: 2592000
2023/06/05-04:55:34.706083 7fbf013a2c40          Options.periodic_compaction_seconds: 0
2023/06/05-04:55:34.706083 7fbf013a2c40                    Options.enable_blob_files: false
2023/06/05-04:55:34.706084 7fbf013a2c40                        Options.min_blob_size: 0
2023/06/05-04:55:34.706084 7fbf013a2c40                       Options.blob_file_size: 268435456
2023/06/05-04:55:34.706085 7fbf013a2c40                Options.blob_compression_type: NoCompression
2023/06/05-04:55:34.706086 7fbf013a2c40       Options.enable_blob_garbage_collection: false
2023/06/05-04:55:34.706089 7fbf013a2c40   Options.blob_garbage_collection_age_cutoff: 0.250000
2023/06/05-04:55:34.711572 7fbf013a2c40 [db/version_set.cc:4666] Recovered from manifest file:99386e30350b4c73927ef3f840feb47c.vector/2/id_tracker/MANIFEST-000004 succeeded,manifest_file_number is 4, next_file_number is 9, last_sequence is 0, log_number is 5,prev_log_number is 0,max_column_family is 2,min_log_number_to_keep is 0
2023/06/05-04:55:34.711576 7fbf013a2c40 [db/version_set.cc:4681] Column family [default] (ID 0), log number is 0
2023/06/05-04:55:34.711578 7fbf013a2c40 [db/version_set.cc:4681] Column family [mapping] (ID 1), log number is 5
2023/06/05-04:55:34.711578 7fbf013a2c40 [db/version_set.cc:4681] Column family [versions] (ID 2), log number is 5
2023/06/05-04:55:34.711685 7fbf013a2c40 [db/version_set.cc:4118] Creating manifest 12
2023/06/05-04:55:34.715665 7fbf013a2c40 EVENT_LOG_v1 {"time_micros": 1685940934715662, "job": 1, "event": "recovery_started", "wal_files": [5]}
2023/06/05-04:55:34.715669 7fbf013a2c40 [db/db_impl/db_impl_open.cc:854] Recovering log #5 mode 2
2023/06/05-04:55:34.717322 7fbf013a2c40 EVENT_LOG_v1 {"time_micros": 1685940934717303, "cf_name": "mapping", "job": 1, "event": "table_file_creation", "file_number": 13, "file_size": 936, "file_checksum": "", "file_checksum_func_name": "Unknown", "table_properties": {"data_size": 30, "index_size": 25, "index_partitions": 0, "top_level_index_size": 0, "index_key_is_user_key": 1, "index_value_is_delta_encoded": 1, "filter_size": 0, "raw_key_size": 16, "raw_average_key_size": 16, "raw_value_size": 4, "raw_average_value_size": 4, "num_data_blocks": 1, "num_entries": 1, "num_deletions": 0, "num_merge_operands": 0, "num_range_deletions": 0, "format_version": 0, "fixed_key_len": 0, "filter_policy": "", "column_family_name": "mapping", "column_family_id": 1, "comparator": "leveldb.BytewiseComparator", "merge_operator": "nullptr", "prefix_extractor_name": "nullptr", "property_collectors": "[]", "compression": "Snappy", "compression_options": "window_bits=-14; level=32767; strategy=0; max_dict_bytes=0; zstd_max_train_bytes=0; enabled=0; max_dict_buffer_bytes=0; ", "creation_time": 1685940934, "oldest_key_time": 0, "file_creation_time": 0, "slow_compression_estimated_data_size": 0, "fast_compression_estimated_data_size": 0, "db_id": "9fa2e119-a01f-46b1-9e1d-285e8b2ec292", "db_session_id": "WL1NB3KZBB0TRGV1RGVZ"}}
