2023/06/05-04:57:33.146945 7f9c4f7fb640 RocksDB version: 6.20.3
2023/06/05-04:57:33.146983 7f9c4f7fb640 Git sha 8608d75d85f8e1b3b64b73a4fb6d19baec61ba5c
2023/06/05-04:57:33.146986 7f9c4f7fb640 Compile date 2021-05-05 20:35:30
2023/06/05-04:57:33.147028 7f9c4f7fb640 DB SUMMARY
2023/06/05-04:57:33.147030 7f9c4f7fb640 DB Session ID:  IW6XPN541TQ2DEKFI16N
2023/06/05-04:57:33.147053 7f9c4f7fb640 SST files in 042216c493434c79a433be68504b4462.vector/2/vector_storage dir, Total Num: 0, files: 
2023/06/05-04:57:33.147056 7f9c4f7fb640 Write Ahead Log file in 042216c493434c79a433be68504b4462.vector/2/vector_storage: 
2023/06/05-04:57:33.147058 7f9c4f7fb640                         Options.error_if_exists: 0
2023/06/05-04:57:33.147059 7f9c4f7fb640                       Options.create_if_missing: 1
2023/06/05-04:57:33.147060 7f9c4f7fb640                         Options.paranoid_checks: 1
2023/06/05-04:57:33.147061 7f9c4f7fb640                               Options.track_and_verify_wals_in_manifest: 0
2023/06/05-04:57:33.147062 7f9c4f7fb640                                     Options.env: 0x55aa4eeb6c80
2023/06/05-04:57:33.147063 7f9c4f7fb640                                      Options.fs: Posix File System
2023/06/05-04:57:33.147064 7f9c4f7fb640                                Options.info_log: 0x7f9c2c0711a0
2023/06/05-04:57:33.147065 7f9c4f7fb640                Options.max_file_opening_threads: 16
2023/06/05-04:57:33.147066 7f9c4f7fb640                              Options.statistics: (nil)
2023/06/05-04:57:33.147068 7f9c4f7fb640                               Options.use_fsync: 0
2023/06/05-04:57:33.147068 7f9c4f7fb640                       Options.max_log_file_size: 0
2023/06/05-04:57:33.147070 7f9c4f7fb640                  Options.max_manifest_file_size: 1073741824
2023/06/05-04:57:33.147071 7f9c4f7fb640                   Options.log_file_time_to_roll: 0
2023/06/05-04:57:33.147072 7f9c4f7fb640                       Options.keep_log_file_num: 1000
2023/06/05-04:57:33.147073 7f9c4f7fb640                    Options.recycle_log_file_num: 0
2023/06/05-04:57:33.147074 7f9c4f7fb640                         Options.allow_fallocate: 1
2023/06/05-04:57:33.147075 7f9c4f7fb640                        Options.allow_mmap_reads: 0
2023/06/05-04:57:33.147076 7f9c4f7fb640                       Options.allow_mmap_writes: 0
2023/06/05-04:57:33.147077 7f9c4f7fb640                        Options.use_direct_reads: 0
2023/06/05-04:57:33.147078 7f9c4f7fb640                        Options.use_direct_io_for_flush_and_compaction: 0
2023/06/05-04:57:33.147079 7f9c4f7fb640          Options.create_missing_column_families: 0
2023/06/05-04:57:33.147080 7f9c4f7fb640                              Options.db_log_dir: 
2023/06/05-04:57:33.147081 7f9c4f7fb640                                 Options.wal_dir: 042216c493434c79a433be68504b4462.vector/2/vector_storage
2023/06/05-04:57:33.147082 7f9c4f7fb640                Options.table_cache_numshardbits: 6
2023/06/05-04:57:33.147083 7f9c4f7fb640                         Options.WAL_ttl_seconds: 0
2023/06/05-04:57:33.147084 7f9c4f7fb640                       Options.WAL_size_limit_MB: 0
2023/06/05-04:57:33.147086 7f9c4f7fb640                        Options.max_write_batch_group_size_bytes: 1048576
2023/06/05-04:57:33.147087 7f9c4f7fb640             Options.manifest_preallocation_size: 4194304
2023/06/05-04:57:33.147089 7f9c4f7fb640                     Options.is_fd_close_on_exec: 1
2023/06/05-04:57:33.147090 7f9c4f7fb640                   Options.advise_random_on_open: 1
2023/06/05-04:57:33.147090 7f9c4f7fb640                    Options.db_write_buffer_size: 0
2023/06/05-04:57:33.147091 7f9c4f7fb640                    Options.write_buffer_manager: 0x7f9c2c06f490
2023/06/05-04:57:33.147092 7f9c4f7fb640         Options.access_hint_on_compaction_start: 1
2023/06/05-04:57:33.147093 7f9c4f7fb640  Options.new_table_reader_for_compaction_inputs: 0
2023/06/05-04:57:33.147094 7f9c4f7fb640           Options.random_access_max_buffer_size: 1048576
2023/06/05-04:57:33.147095 7f9c4f7fb640                      Options.use_adaptive_mutex: 0
2023/06/05-04:57:33.147096 7f9c4f7fb640                            Options.rate_limiter: (nil)
2023/06/05-04:57:33.147108 7f9c4f7fb640     Options.sst_file_manager.rate_bytes_per_sec: 0
2023/06/05-04:57:33.147109 7f9c4f7fb640                       Options.wal_recovery_mode: 2
2023/06/05-04:57:33.147110 7f9c4f7fb640                  Options.enable_thread_tracking: 0
2023/06/05-04:57:33.147111 7f9c4f7fb640                  Options.enable_pipelined_write: 0
2023/06/05-04:57:33.147112 7f9c4f7fb640                  Options.unordered_write: 0
2023/06/05-04:57:33.147113 7f9c4f7fb640         Options.allow_concurrent_memtable_write: 1
2023/06/05-04:57:33.147114 7f9c4f7fb640      Options.enable_write_thread_adaptive_yield: 1
2023/06/05-04:57:33.147115 7f9c4f7fb640             Options.write_thread_max_yield_usec: 100
2023/06/05-04:57:33.147116 7f9c4f7fb640            Options.write_thread_slow_yield_usec: 3
2023/06/05-04:57:33.147117 7f9c4f7fb640                               Options.row_cache: None
2023/06/05-04:57:33.147118 7f9c4f7fb640                              Options.wal_filter: None
2023/06/05-04:57:33.147119 7f9c4f7fb640             Options.avoid_flush_during_recovery: 0
2023/06/05-04:57:33.147120 7f9c4f7fb640             Options.allow_ingest_behind: 0
2023/06/05-04:57:33.147121 7f9c4f7fb640             Options.preserve_deletes: 0
2023/06/05-04:57:33.147122 7f9c4f7fb640             Options.two_write_queues: 0
2023/06/05-04:57:33.147123 7f9c4f7fb640             Options.manual_wal_flush: 0
2023/06/05-04:57:33.147124 7f9c4f7fb640             Options.atomic_flush: 0
2023/06/05-04:57:33.147125 7f9c4f7fb640             Options.avoid_unnecessary_blocking_io: 0
2023/06/05-04:57:33.147126 7f9c4f7fb640                 Options.persist_stats_to_disk: 0
2023/06/05-04:57:33.147127 7f9c4f7fb640                 Options.write_dbid_to_manifest: 0
2023/06/05-04:57:33.147128 7f9c4f7fb640                 Options.log_readahead_size: 0
2023/06/05-04:57:33.147129 7f9c4f7fb640                 Options.file_checksum_gen_factory: Unknown
2023/06/05-04:57:33.147130 7f9c4f7fb640                 Options.best_efforts_recovery: 0
2023/06/05-04:57:33.147131 7f9c4f7fb640                Options.max_bgerror_resume_count: 2147483647
2023/06/05-04:57:33.147132 7f9c4f7fb640            Options.bgerror_resume_retry_interval: 1000000
2023/06/05-04:57:33.147133 7f9c4f7fb640             Options.allow_data_in_errors: 0
2023/06/05-04:57:33.147135 7f9c4f7fb640             Options.db_host_id: __hostname__
2023/06/05-04:57:33.147135 7f9c4f7fb640             Options.max_background_jobs: 2
2023/06/05-04:57:33.147136 7f9c4f7fb640             Options.max_background_compactions: -1
2023/06/05-04:57:33.147136 7f9c4f7fb640             Options.max_subcompactions: 1
2023/06/05-04:57:33.147137 7f9c4f7fb640             Options.avoid_flush_during_shutdown: 0
2023/06/05-04:57:33.147138 7f9c4f7fb640           Options.writable_file_max_buffer_size: 1048576
2023/06/05-04:57:33.147138 7f9c4f7fb640             Options.delayed_write_rate : 16777216
2023/06/05-04:57:33.147139 7f9c4f7fb640             Options.max_total_wal_size: 0
2023/06/05-04:57:33.147139 7f9c4f7fb640             Options.delete_obsolete_files_period_micros: 21600000000
2023/06/05-04:57:33.147140 7f9c4f7fb640                   Options.stats_dump_period_sec: 600
2023/06/05-04:57:33.147140 7f9c4f7fb640                 Options.stats_persist_period_sec: 600
2023/06/05-04:57:33.147141 7f9c4f7fb640                 Options.stats_history_buffer_size: 1048576
2023/06/05-04:57:33.147142 7f9c4f7fb640                          Options.max_open_files: -1
2023/06/05-04:57:33.147142 7f9c4f7fb640                          Options.bytes_per_sync: 0
2023/06/05-04:57:33.147143 7f9c4f7fb640                      Options.wal_bytes_per_sync: 0
2023/06/05-04:57:33.147143 7f9c4f7fb640                   Options.strict_bytes_per_sync: 0
2023/06/05-04:57:33.147144 7f9c4f7fb640       Options.compaction_readahead_size: 0
2023/06/05-04:57:33.147145 7f9c4f7fb640                  Options.max_background_flushes: -1
2023/06/05-04:57:33.147145 7f9c4f7fb640 Compression algorithms supported:
2023/06/05-04:57:33.147147 7f9c4f7fb640 	kZSTD supported: 0
2023/06/05-04:57:33.147780 7f9c4f7fb640 	kXpressCompression supported: 0
2023/06/05-04:57:33.147782 7f9c4f7fb640 	kBZip2Compression supported: 0
2023/06/05-04:57:33.147783 7f9c4f7fb640 	kZSTDNotFinalCompression supported: 0
2023/06/05-04:57:33.147783 7f9c4f7fb640 	kLZ4Compression supported: 0
2023/06/05-04:57:33.147784 7f9c4f7fb640 	kZlibCompression supported: 0
2023/06/05-04:57:33.147785 7f9c4f7fb640 	kLZ4HCCompression supported: 0
2023/06/05-04:57:33.147785 7f9c4f7fb640 	kSnappyCompression supported: 1
2023/06/05-04:57:33.147787 7f9c4f7fb640 Fast CRC32 supported: Not supported on x86
2023/06/05-04:57:33.150087 7f9c4f7fb640 [db/db_impl/db_impl_open.cc:285] Creating manifest 1 
2023/06/05-04:57:33.155841 7f9c4f7fb640 [db/version_set.cc:4626] Recovering from manifest file: 042216c493434c79a433be68504b4462.vector/2/vector_storage/MANIFEST-000001
2023/06/05-04:57:33.155959 7f9c4f7fb640 [db/column_family.cc:596] --------------- Options for column family [default]:
2023/06/05-04:57:33.155963 7f9c4f7fb640               Options.comparator: leveldb.BytewiseComparator
2023/06/05-04:57:33.155964 7f9c4f7fb640           Options.merge_operator: None
2023/06/05-04:57:33.155965 7f9c4f7fb640        Options.compaction_filter: None
2023/06/05-04:57:33.155965 7f9c4f7fb640        Options.compaction_filter_factory: None
2023/06/05-04:57:33.155966 7f9c4f7fb640  Options.sst_partitioner_factory: None
2023/06/05-04:57:33.155967 7f9c4f7fb640         Options.memtable_factory: SkipListFactory
2023/06/05-04:57:33.155967 7f9c4f7fb640            Options.table_factory: BlockBasedTable
2023/06/05-04:57:33.155984 7f9c4f7fb640            table_factory options:   flush_block_policy_factory: FlushBlockBySizePolicyFactory (0x7f9c2c018c00)
  cache_index_and_filter_blocks: 0
  cache_index_and_filter_blocks_with_high_priority: 1
  pin_l0_filter_and_index_blocks_in_cache: 0
  pin_top_level_index_and_filter: 1
  index_type: 0
  data_block_index_type: 0
  index_shortening: 1
  data_block_hash_table_util_ratio: 0.750000
  hash_index_allow_collision: 1
  checksum: 1
  no_block_cache: 0
  block_cache: 0x7f9c2c018b20
  block_cache_name: LRUCache
  block_cache_options:
    capacity : 8388608
    num_shard_bits : 4
    strict_capacity_limit : 0
    memory_allocator : None
    high_pri_pool_ratio: 0.000
  block_cache_compressed: (nil)
  persistent_cache: (nil)
  block_size: 4096
  block_size_deviation: 10
  block_restart_interval: 16
  index_block_restart_interval: 1
  metadata_block_size: 4096
  partition_filters: 0
  use_delta_encoding: 1
  filter_policy: nullptr
  whole_key_filtering: 1
  verify_compression: 0
  read_amp_bytes_per_bit: 0
  format_version: 5
  enable_index_compression: 1
  block_align: 0
2023/06/05-04:57:33.155987 7f9c4f7fb640        Options.write_buffer_size: 10485760
2023/06/05-04:57:33.155987 7f9c4f7fb640  Options.max_write_buffer_number: 2
2023/06/05-04:57:33.155988 7f9c4f7fb640          Options.compression: Snappy
2023/06/05-04:57:33.155989 7f9c4f7fb640                  Options.bottommost_compression: Disabled
2023/06/05-04:57:33.155990 7f9c4f7fb640       Options.prefix_extractor: nullptr
2023/06/05-04:57:33.155990 7f9c4f7fb640   Options.memtable_insert_with_hint_prefix_extractor: nullptr
2023/06/05-04:57:33.155991 7f9c4f7fb640             Options.num_levels: 7
2023/06/05-04:57:33.155991 7f9c4f7fb640        Options.min_write_buffer_number_to_merge: 1
2023/06/05-04:57:33.155992 7f9c4f7fb640     Options.max_write_buffer_number_to_maintain: 0
2023/06/05-04:57:33.155992 7f9c4f7fb640     Options.max_write_buffer_size_to_maintain: 0
2023/06/05-04:57:33.155993 7f9c4f7fb640            Options.bottommost_compression_opts.window_bits: -14
2023/06/05-04:57:33.155993 7f9c4f7fb640                  Options.bottommost_compression_opts.level: 32767
2023/06/05-04:57:33.155994 7f9c4f7fb640               Options.bottommost_compression_opts.strategy: 0
2023/06/05-04:57:33.155995 7f9c4f7fb640         Options.bottommost_compression_opts.max_dict_bytes: 0
2023/06/05-04:57:33.155995 7f9c4f7fb640         Options.bottommost_compression_opts.zstd_max_train_bytes: 0
2023/06/05-04:57:33.156006 7f9c4f7fb640         Options.bottommost_compression_opts.parallel_threads: 1
2023/06/05-04:57:33.156008 7f9c4f7fb640                  Options.bottommost_compression_opts.enabled: false
2023/06/05-04:57:33.156008 7f9c4f7fb640         Options.bottommost_compression_opts.max_dict_buffer_bytes: 0
2023/06/05-04:57:33.156009 7f9c4f7fb640            Options.compression_opts.window_bits: -14
2023/06/05-04:57:33.156009 7f9c4f7fb640                  Options.compression_opts.level: 32767
2023/06/05-04:57:33.156010 7f9c4f7fb640               Options.compression_opts.strategy: 0
2023/06/05-04:57:33.156010 7f9c4f7fb640         Options.compression_opts.max_dict_bytes: 0
2023/06/05-04:57:33.156011 7f9c4f7fb640         Options.compression_opts.zstd_max_train_bytes: 0
2023/06/05-04:57:33.156012 7f9c4f7fb640         Options.compression_opts.parallel_threads: 1
2023/06/05-04:57:33.156012 7f9c4f7fb640                  Options.compression_opts.enabled: false
2023/06/05-04:57:33.156013 7f9c4f7fb640         Options.compression_opts.max_dict_buffer_bytes: 0
2023/06/05-04:57:33.156013 7f9c4f7fb640      Options.level0_file_num_compaction_trigger: 4
2023/06/05-04:57:33.156014 7f9c4f7fb640          Options.level0_slowdown_writes_trigger: 20
2023/06/05-04:57:33.156014 7f9c4f7fb640              Options.level0_stop_writes_trigger: 36
2023/06/05-04:57:33.156015 7f9c4f7fb640                   Options.target_file_size_base: 67108864
2023/06/05-04:57:33.156015 7f9c4f7fb640             Options.target_file_size_multiplier: 1
2023/06/05-04:57:33.156016 7f9c4f7fb640                Options.max_bytes_for_level_base: 268435456
2023/06/05-04:57:33.156016 7f9c4f7fb640 Options.level_compaction_dynamic_level_bytes: 0
2023/06/05-04:57:33.156017 7f9c4f7fb640          Options.max_bytes_for_level_multiplier: 10.000000
2023/06/05-04:57:33.156018 7f9c4f7fb640 Options.max_bytes_for_level_multiplier_addtl[0]: 1
2023/06/05-04:57:33.156019 7f9c4f7fb640 Options.max_bytes_for_level_multiplier_addtl[1]: 1
2023/06/05-04:57:33.156019 7f9c4f7fb640 Options.max_bytes_for_level_multiplier_addtl[2]: 1
2023/06/05-04:57:33.156020 7f9c4f7fb640 Options.max_bytes_for_level_multiplier_addtl[3]: 1
2023/06/05-04:57:33.156021 7f9c4f7fb640 Options.max_bytes_for_level_multiplier_addtl[4]: 1
2023/06/05-04:57:33.156021 7f9c4f7fb640 Options.max_bytes_for_level_multiplier_addtl[5]: 1
2023/06/05-04:57:33.156022 7f9c4f7fb640 Options.max_bytes_for_level_multiplier_addtl[6]: 1
2023/06/05-04:57:33.156022 7f9c4f7fb640       Options.max_sequential_skip_in_iterations: 8
2023/06/05-04:57:33.156023 7f9c4f7fb640                    Options.max_compaction_bytes: 1677721600
2023/06/05-04:57:33.156023 7f9c4f7fb640                        Options.arena_block_size: 1310720
2023/06/05-04:57:33.156024 7f9c4f7fb640   Options.soft_pending_compaction_bytes_limit: 68719476736
2023/06/05-04:57:33.156024 7f9c4f7fb640   Options.hard_pending_compaction_bytes_limit: 274877906944
2023/06/05-04:57:33.156025 7f9c4f7fb640       Options.rate_limit_delay_max_milliseconds: 100
2023/06/05-04:57:33.156026 7f9c4f7fb640                Options.disable_auto_compactions: 0
2023/06/05-04:57:33.156027 7f9c4f7fb640                        Options.compaction_style: kCompactionStyleLevel
2023/06/05-04:57:33.156028 7f9c4f7fb640                          Options.compaction_pri: kMinOverlappingRatio
2023/06/05-04:57:33.156029 7f9c4f7fb640 Options.compaction_options_universal.size_ratio: 1
2023/06/05-04:57:33.156029 7f9c4f7fb640 Options.compaction_options_universal.min_merge_width: 2
2023/06/05-04:57:33.156030 7f9c4f7fb640 Options.compaction_options_universal.max_merge_width: 4294967295
2023/06/05-04:57:33.156030 7f9c4f7fb640 Options.compaction_options_universal.max_size_amplification_percent: 200
2023/06/05-04:57:33.156031 7f9c4f7fb640 Options.compaction_options_universal.compression_size_percent: -1
2023/06/05-04:57:33.156032 7f9c4f7fb640 Options.compaction_options_universal.stop_style: kCompactionStopStyleTotalSize
2023/06/05-04:57:33.156032 7f9c4f7fb640 Options.compaction_options_fifo.max_table_files_size: 1073741824
2023/06/05-04:57:33.156036 7f9c4f7fb640 Options.compaction_options_fifo.allow_compaction: 0
2023/06/05-04:57:33.156039 7f9c4f7fb640                   Options.table_properties_collectors: 
2023/06/05-04:57:33.156039 7f9c4f7fb640                   Options.inplace_update_support: 0
2023/06/05-04:57:33.156040 7f9c4f7fb640                 Options.inplace_update_num_locks: 10000
2023/06/05-04:57:33.156040 7f9c4f7fb640               Options.memtable_prefix_bloom_size_ratio: 0.000000
2023/06/05-04:57:33.156041 7f9c4f7fb640               Options.memtable_whole_key_filtering: 0
2023/06/05-04:57:33.156042 7f9c4f7fb640   Options.memtable_huge_page_size: 0
2023/06/05-04:57:33.156042 7f9c4f7fb640                           Options.bloom_locality: 0
2023/06/05-04:57:33.156043 7f9c4f7fb640                    Options.max_successive_merges: 0
2023/06/05-04:57:33.156043 7f9c4f7fb640                Options.optimize_filters_for_hits: 0
2023/06/05-04:57:33.156044 7f9c4f7fb640                Options.paranoid_file_checks: 0
2023/06/05-04:57:33.156044 7f9c4f7fb640                Options.force_consistency_checks: 1
2023/06/05-04:57:33.156045 7f9c4f7fb640                Options.report_bg_io_stats: 0
2023/06/05-04:57:33.156045 7f9c4f7fb640                               Options.ttl: 2592000
2023/06/05-04:57:33.156046 7f9c4f7fb640          Options.periodic_compaction_seconds: 0
2023/06/05-04:57:33.156046 7f9c4f7fb640                    Options.enable_blob_files: false
2023/06/05-04:57:33.156047 7f9c4f7fb640                        Options.min_blob_size: 0
2023/06/05-04:57:33.156047 7f9c4f7fb640                       Options.blob_file_size: 268435456
2023/06/05-04:57:33.156048 7f9c4f7fb640                Options.blob_compression_type: NoCompression
2023/06/05-04:57:33.156049 7f9c4f7fb640       Options.enable_blob_garbage_collection: false
2023/06/05-04:57:33.156049 7f9c4f7fb640   Options.blob_garbage_collection_age_cutoff: 0.250000
2023/06/05-04:57:33.158889 7f9c4f7fb640 [db/version_set.cc:4666] Recovered from manifest file:042216c493434c79a433be68504b4462.vector/2/vector_storage/MANIFEST-000001 succeeded,manifest_file_number is 1, next_file_number is 3, last_sequence is 0, log_number is 0,prev_log_number is 0,max_column_family is 0,min_log_number_to_keep is 0
2023/06/05-04:57:33.158893 7f9c4f7fb640 [db/version_set.cc:4681] Column family [default] (ID 0), log number is 0
2023/06/05-04:57:33.158981 7f9c4f7fb640 [db/version_set.cc:4118] Creating manifest 4
2023/06/05-04:57:33.199367 7f9c4f7fb640 [db/db_impl/db_impl_open.cc:1756] SstFileManager instance 0x7f9c2c0ffb40
2023/06/05-04:57:33.199384 7f9c4f7fb640 DB pointer 0x7f9c2c067440
2023/06/05-04:57:33.211913 7f9c4f7fb640 [db/db_impl/db_impl.cc:462] Shutdown: canceling all background work
2023/06/05-04:57:33.212850 7f9c4f7fb640 [db/db_impl/db_impl.cc:642] Shutdown complete
